smallRNA	11474.0-2hr_Embryo.high	11473.0-2hr_Embryo.low	11472.NBF-Ovary.high	11471.NBF-Ovary.low	11431.72hr_PBM-Ovary.low	11430.72hr_PBM-Ovary.high	11429.24hr_PBM-Ovary.low	11428.24hr_PBM-Ovary.high	12093.Male_Carcass	12092.Male_Testes	11524.72hr_PBM_Female_Carcass	11476.2-4hr_Embryo.high	11475.2-4hr_Embryo.low	11427.48hr_PBM-Ovary.low	11426.48hr_PBM-Ovary.high	aae_smallRNA_family	Ago2nm
aae-bantam-3p	34.5208505937586	1739.25389557378	93.2105439767347	2591.32852989508	40.5959485243373	1532.82239253582	98.9299081600686	1145.75555498339	132962.390645202	205058.864669542	281009.429824007	11856.797513526	90135.8723392601	1111.03273137698	9.59821857063329	aae-bantam-3p	aae-bantam-3p
aae-bantam-5p	34.5208505937586	35.4949774606893	18.6421087953469	15.8007837188725	40.5959485243373	22.2148172831278	16.4883180266781	12.8736579211617	37.419761340326	130.551346310759	79.8065982634197	71.9465868539196	2.4898724438347	8.81772009029345	9.59821857063329	aae-bantam-5p	aae-bantam-5p
aae-let-7	34.5208505937586	106.484932382068	37.2842175906939	1801.28934395146	81.1918970486745	22.2148172831278	49.4649540800343	502.072658925307	21640.5607404694	17072.6968955201	7919.11882275151	935.305629100955	1207.58813525983	255.71388261851	9.59821857063329	aae-let-7	aae-let-7
aae-miR-1	103.562551781276	7418.45028928407	167.778979158122	10065.0992289218	4018.99890390939	22.2148172831278	115.418226186747	2845.07840057674	178189.517905178	66795.6638302832	80393.9073844427	3194.42845631403	9598.45827098278	1384.38205417607	9.59821857063329	aae-miR-1	aae-miR-1
aae-miR-10	34.5208505937586	1348.80914350619	37.2842175906939	1311.46504866641	40.5959485243373	22.2148172831278	16.4883180266781	708.051185663895	9659.46591665586	23782.1035862766	21053.7674475068	1050.42016806723	17730.3816725469	361.526523702032	19.1964371412666	aae-miR-10	aae-miR-10
aae-miR-100	69.0417011875173	177.474887303447	37.2842175906939	1248.26191379092	81.1918970486745	22.2148172831278	32.9766360533562	437.704369319498	10030.8125006237	33158.4877802386	46073.1360030888	1625.99286289858	1329.59188500773	26.4531602708804	9.59821857063329	aae-miR-100	aae-miR-100
aae-miR-1000	34.5208505937586	35.4949774606893	18.6421087953469	15.8007837188725	40.5959485243373	22.2148172831278	16.4883180266781	12.8736579211617	2099.24861119229	273.536154174923	105.659439954387	14.3893173707839	2.4898724438347	8.81772009029345	9.59821857063329	aae-miR-1000	aae-miR-1000
aae-miR-10365	34.5208505937586	35.4949774606893	18.6421087953469	15.8007837188725	40.5959485243373	22.2148172831278	16.4883180266781	12.8736579211617	32.96502784743	91.6967789563663	35.4071527506721	14.3893173707839	2.4898724438347	8.81772009029345	9.59821857063329	aae-miR-10365	aae-miR-10365
aae-miR-11-3p	103.562551781276	4046.42743051858	18.6421087953469	679.433699911516	40.5959485243373	22.2148172831278	16.4883180266781	321.841448029043	3276.54557869483	2587.71418580254	2253.97438264398	8547.25451824565	24074.5766594377	246.896162528217	9.59821857063329	aae-miR-2a-3p	aae-miR-2a-3p
aae-miR-1174	34.5208505937586	35.4949774606893	18.6421087953469	15.8007837188725	40.5959485243373	22.2148172831278	16.4883180266781	12.8736579211617	790.269721639741	35.7462019660411	13.2074299942983	14.3893173707839	2.4898724438347	8.81772009029345	9.59821857063329	aae-miR-1174	aae-miR-1174
aae-miR-1175-3p	34.5208505937586	35.4949774606893	18.6421087953469	15.8007837188725	40.5959485243373	22.2148172831278	16.4883180266781	12.8736579211617	4.45473349289595	1.5541826941757	1.96706404170401	14.3893173707839	2.4898724438347	8.81772009029345	9.59821857063329	aae-miR-1175-3p	aae-miR-1175-3p
aae-miR-1175-5p	34.5208505937586	354.949774606893	18.6421087953469	47.4023511566174	40.5959485243373	22.2148172831278	16.4883180266781	12.8736579211617	373.30666670468	26.4211058009869	501.320321485707	14.3893173707839	14.9392346630082	8.81772009029345	9.59821857063329	aae-miR-1175-5p	aae-miR-1175-5p
aae-miR-11893	34.5208505937586	35.4949774606893	18.6421087953469	15.8007837188725	40.5959485243373	22.2148172831278	16.4883180266781	12.8736579211617	1.4255147177267	3.1083653883514	4.49614638103773	14.3893173707839	2.4898724438347	8.81772009029345	9.59821857063329	aae-miR-11893	aae-miR-11893
aae-miR-11894-novel-a	69.0417011875173	1987.7187377986	37.2842175906939	2101.50423461004	771.323021962408	44.4296345662557	412.207950666953	4930.61098380494	1763.18351648822	2519.33014725881	11829.0801193614	2374.23736617935	53684.13976152	1745.9085778781	9.59821857063329	aae-miR-11894	aae-miR-11894
aae-miR-11894-novel-b	34.5208505937586	1064.84932382068	18.6421087953469	584.628997598281	649.535176389396	22.2148172831278	98.9299081600686	939.777028244805	7.30576292834935	15.541826941757	38.7792625364504	14.3893173707839	383.440356350544	343.891083521445	9.59821857063329	aae-miR-11894	aae-miR-11894
aae-miR-11894-novel-c	34.5208505937586	816.384481595854	18.6421087953469	237.011755783087	608.939227865059	22.2148172831278	32.9766360533562	270.346816344396	2.85102943545341	4.6625480825271	15.4555031848172	14.3893173707839	57.2670662081982	88.1772009029345	9.59821857063329	aae-miR-11894	aae-miR-11894
aae-miR-11894-novel-d	34.5208505937586	106.484932382068	18.6421087953469	110.605486032107	40.5959485243373	22.2148172831278	16.4883180266781	102.989263369294	0.356378679431676	1.5541826941757	2.52908233933372	14.3893173707839	62.2468110958676	8.81772009029345	9.59821857063329	aae-miR-11894	aae-miR-11894
aae-miR-11894a	34.5208505937586	70.9899549213786	18.6421087953469	31.6015674377449	81.1918970486745	22.2148172831278	16.4883180266781	12.8736579211617	233.606224367463	299.95725997591	342.831161554127	273.397030044895	1426.69691031728	8.81772009029345	9.59821857063329	aae-miR-11894	aae-miR-11894
aae-miR-11894b	34.5208505937586	70.9899549213786	18.6421087953469	31.6015674377449	81.1918970486745	22.2148172831278	16.4883180266781	12.8736579211617	217.034615773891	270.427788786572	316.41630156553	259.007712674111	1147.8311966078	8.81772009029345	9.59821857063329	aae-miR-11894	aae-miR-11894
aae-miR-11895	34.5208505937586	35.4949774606893	18.6421087953469	15.8007837188725	40.5959485243373	22.2148172831278	16.4883180266781	12.8736579211617	291.517759775111	421.183510121615	197.549431616845	14.3893173707839	246.497371939636	8.81772009029345	9.59821857063329	aae-miR-11895	aae-miR-11895
aae-miR-11899	34.5208505937586	35.4949774606893	18.6421087953469	15.8007837188725	40.5959485243373	22.2148172831278	16.4883180266781	12.8736579211617	3.02921877516924	1.5541826941757	0.281009148814858	14.3893173707839	2.4898724438347	8.81772009029345	9.59821857063329	aae-miR-11899	aae-miR-11899
aae-miR-11900	34.5208505937586	35.4949774606893	18.6421087953469	15.8007837188725	40.5959485243373	22.2148172831278	16.4883180266781	12.8736579211617	4.98930151204346	7.7709134708785	2.81009148814858	14.3893173707839	2.4898724438347	8.81772009029345	9.59821857063329	aae-miR-11900	aae-miR-11900
aae-miR-11917	690.417011875173	70.9899549213786	242.34741433951	110.605486032107	40.5959485243373	22.2148172831278	16.4883180266781	51.4946316846469	0.712757358863352	31.083653883514	6.74421957155659	273.397030044895	14.9392346630082	132.265801354402	163.169715700766	aae-miR-11917	aae-miR-11917
aae-miR-11917-novel-b	32932.8914664457	1774.74887303447	3709.77965027404	300.214890658577	243.575691146024	6175.71920470954	1896.15657306798	283.220474265558	1.24732537801087	127.442980922407	19.1086221194103	7525.61298492	266.416351490313	670.146726862302	3935.26961395965	aae-miR-11917	aae-miR-11917
aae-miR-11917-novel-c	103.562551781276	35.4949774606893	37.2842175906939	31.6015674377449	40.5959485243373	22.2148172831278	16.4883180266781	25.7473158423234	0.356378679431676	10.8792788592299	1.12403659525943	28.7786347415679	2.4898724438347	17.6354401805869	38.3928742825332	aae-miR-11917	aae-miR-11917
aae-miR-11917-novel-d	207.125103562552	70.9899549213786	205.063196748816	63.2031348754898	40.5959485243373	22.2148172831278	16.4883180266781	51.4946316846469	0.712757358863352	20.2043750242841	1.68605489288915	129.503856337055	2.4898724438347	132.265801354402	76.7857485650663	aae-miR-11917	aae-miR-11917
aae-miR-12-3p	34.5208505937586	35.4949774606893	18.6421087953469	15.8007837188725	40.5959485243373	22.2148172831278	16.4883180266781	77.2419475269703	1.4255147177267	6.2167307767028	1.68605489288915	14.3893173707839	2.4898724438347	35.2708803611738	9.59821857063329	aae-miR-12-3p	aae-miR-12-3p
aae-miR-12-5p	34.5208505937586	35.4949774606893	18.6421087953469	94.8047023132347	40.5959485243373	22.2148172831278	16.4883180266781	205.978526738588	394.867576810297	1648.98783852042	78.9635708169751	14.3893173707839	27.3885968821817	361.526523702032	9.59821857063329	aae-miR-12-5p	aae-miR-12-5p
aae-miR-124	34.5208505937586	319.454797146204	18.6421087953469	110.605486032107	40.5959485243373	22.2148172831278	16.4883180266781	12.8736579211617	8519.94508917307	1717.37187706415	6799.2973647243	57.5572694831357	664.795942503866	8.81772009029345	9.59821857063329	aae-miR-124	aae-miR-124
aae-miR-125-5p	34.5208505937586	35.4949774606893	18.6421087953469	94.8047023132347	40.5959485243373	22.2148172831278	16.4883180266781	38.6209737634852	3689.76665749586	3248.24183082721	4444.44069765579	43.1679521123518	39.8379591013552	8.81772009029345	9.59821857063329	aae-miR-125-5p	aae-miR-125-5p
aae-miR-13-3p	34.5208505937586	1774.74887303447	55.9263263860408	474.023511566174	40.5959485243373	22.2148172831278	16.4883180266781	51.4946316846469	1853.16913304471	842.36702024323	76.1534793288265	906.526994359388	978.519870427038	52.9063205417607	9.59821857063329	aae-miR-2a-3p	aae-miR-2a-3p
aae-miR-13-5p	34.5208505937586	106.484932382068	18.6421087953469	31.6015674377449	40.5959485243373	22.2148172831278	16.4883180266781	12.8736579211617	326.442870359415	276.644519563275	146.967784830171	14.3893173707839	99.5948977533881	8.81772009029345	9.59821857063329	aae-miR-13-5p	aae-miR-13-5p
aae-miR-133	103.562551781276	958.364391438611	18.6421087953469	63.2031348754898	40.5959485243373	22.2148172831278	16.4883180266781	25.7473158423234	597.468856067205	237.789952208882	2232.61768733405	57.5572694831357	87.1455355342146	26.4531602708804	9.59821857063329	aae-miR-133	aae-miR-133
aae-miR-137	34.5208505937586	141.979909842757	18.6421087953469	173.808620907597	40.5959485243373	22.2148172831278	16.4883180266781	12.8736579211617	351.745756599064	27.9752884951626	11.5213751014092	14.3893173707839	2.4898724438347	8.81772009029345	9.59821857063329	aae-miR-137	aae-miR-137
aae-miR-14	34.5208505937586	141.979909842757	18.6421087953469	79.0039185943623	40.5959485243373	22.2148172831278	16.4883180266781	12.8736579211617	1890.94527306447	2137.00120449159	1713.03177117537	28.7786347415679	2.4898724438347	52.9063205417607	9.59821857063329	aae-miR-14	aae-miR-14
aae-miR-184	172.604252968793	993.859368899301	2050.63196748816	16164.2017444065	4506.15028620144	44.4296345662557	230.836452373493	1364.60773964314	44015.9743179268	31396.0446050433	149247.612054506	11784.850926672	14187.2931849701	608.422686230248	9.59821857063329	aae-miR-184	aae-miR-184
aae-miR-1889-5p	34.5208505937586	70.9899549213786	18.6421087953469	94.8047023132347	40.5959485243373	22.2148172831278	32.9766360533562	90.115605448132	1992.33500736278	3947.62404320628	58.1688938046756	259.007712674111	124.493622191735	96.994920993228	9.59821857063329	aae-miR-1889-5p	aae-miR-1889-5p
aae-miR-1890	34.5208505937586	35.4949774606893	18.6421087953469	15.8007837188725	40.5959485243373	22.2148172831278	16.4883180266781	12.8736579211617	114.219366757852	91.6967789563663	580.002883153867	14.3893173707839	7.46961733150411	8.81772009029345	9.59821857063329	aae-miR-1890	aae-miR-1890
aae-miR-1891	34.5208505937586	3052.56806161928	37.2842175906939	742.636834787005	40.5959485243373	22.2148172831278	16.4883180266781	51.4946316846469	4273.51493440494	449.158798616777	10453.5403359127	244.618395303327	1718.01198624594	158.718961625282	9.59821857063329	aae-miR-1891	aae-miR-1891
aae-miR-190	34.5208505937586	35.4949774606893	18.6421087953469	15.8007837188725	40.5959485243373	22.2148172831278	16.4883180266781	12.8736579211617	54.8823166324781	228.464856043828	404.372165144581	71.9465868539196	2.4898724438347	26.4531602708804	9.59821857063329	aae-miR-190	aae-miR-190
aae-miR-2-novel-a	34.5208505937586	532.42466191034	18.6421087953469	31.6015674377449	40.5959485243373	22.2148172831278	16.4883180266781	12.8736579211617	1804.70163264201	542.409760267319	46.0855004056367	115.114538966271	219.108775057454	79.3594808126411	9.59821857063329	aae-miR-2a-3p	aae-miR-2a-3p
aae-miR-210	34.5208505937586	283.959819685514	18.6421087953469	31.6015674377449	40.5959485243373	22.2148172831278	16.4883180266781	12.8736579211617	965.786221259841	153.864086723394	5626.6461867199	14.3893173707839	14.9392346630082	8.81772009029345	9.59821857063329	aae-miR-210	aae-miR-210
aae-miR-219	34.5208505937586	35.4949774606893	18.6421087953469	15.8007837188725	40.5959485243373	22.2148172831278	16.4883180266781	12.8736579211617	47.3983643644129	9.3250961650542	71.3763237989739	14.3893173707839	12.4493622191735	8.81772009029345	9.59821857063329	aae-miR-219	aae-miR-219
aae-miR-252-3p	103.562551781276	283.959819685514	37.2842175906939	221.210972064214	446.55543376771	22.2148172831278	16.4883180266781	167.357552975102	974.517498905917	222.248125267125	71.6573329477888	57.5572694831357	2.4898724438347	70.5417607223476	9.59821857063329	aae-miR-252-3p	aae-miR-252-3p
aae-miR-252-5p	448.771057718862	4507.86213750754	596.547481451102	3270.7622298066	38647.3429951691	7508.60824169721	49.4649540800343	514.946316846469	5578.39546914402	528.422116019738	244.477959468926	28.7786347415679	39.8379591013552	793.594808126411	38.3928742825332	aae-miR-252-5p	aae-miR-252-5p
aae-miR-263a-5p	103.562551781276	958.364391438611	111.852652772082	284.414106939704	527.747330816385	799.733422192602	610.06776698709	5767.39874868045	7729.85355687305	12411.7029956871	8390.37116531403	2777.1382525613	5594.74338129658	4329.50056433409	67.187529994433	aae-miR-263a-5p	aae-miR-263a-5p
aae-miR-263b-5p	34.5208505937586	35.4949774606893	18.6421087953469	15.8007837188725	40.5959485243373	22.2148172831278	16.4883180266781	12.8736579211617	2456.34004798283	475.579904417764	8248.18053601371	2359.84804880856	527.852958092957	8.81772009029345	9.59821857063329	aae-miR-263b-5p	aae-miR-263b-5p
aae-miR-275-3p	69.0417011875173	461.434706988961	74.5684351813877	647.832132473771	40.5959485243373	22.2148172831278	313.278042506884	733.798501506218	8955.97440345773	8885.26246260248	9364.91089340396	1769.88603660642	2442.56486740184	449.703724604966	19.1964371412666	aae-miR-275-3p	aae-miR-275-3p
aae-miR-275-5p	34.5208505937586	35.4949774606893	18.6421087953469	15.8007837188725	40.5959485243373	22.2148172831278	16.4883180266781	218.852184659749	32.7868385077142	202.043750242841	46.3665095544516	14.3893173707839	2.4898724438347	8.81772009029345	9.59821857063329	aae-miR-275-5p	aae-miR-275-5p
aae-miR-276-3p	34.5208505937586	1632.76896319171	37.2842175906939	237.011755783087	40.5959485243373	22.2148172831278	16.4883180266781	128.736579211617	4852.4520991417	1807.51447332634	1359.8032711151	215.839760561759	2066.5941283828	70.5417607223476	9.59821857063329	aae-miR-276-3p	aae-miR-276-3p
aae-miR-276-5p	207.125103562552	12032.7973591737	18.6421087953469	2780.93793452155	893.11086753542	22.2148172831278	2275.38788768158	22425.9120986637	95339.4934576002	29984.8467187318	35390.573210892	10043.7435248072	167770.095138026	6551.56602708804	76.7857485650663	aae-miR-276-5p	aae-miR-276-5p
aae-miR-2765	34.5208505937586	35.4949774606893	18.6421087953469	15.8007837188725	40.5959485243373	22.2148172831278	16.4883180266781	12.8736579211617	1.96008273687422	9.3250961650542	3.09110063696344	14.3893173707839	2.4898724438347	8.81772009029345	9.59821857063329	aae-miR-2765	aae-miR-2765
aae-miR-277-3p	34.5208505937586	70.9899549213786	18.6421087953469	15.8007837188725	40.5959485243373	22.2148172831278	16.4883180266781	12.8736579211617	19626.1302549818	1408.08952092318	1065.58669230594	14.3893173707839	122.0037497479	8.81772009029345	9.59821857063329	aae-miR-277-3p	aae-miR-277-3p
aae-miR-277-5p	34.5208505937586	106.484932382068	18.6421087953469	15.8007837188725	40.5959485243373	22.2148172831278	16.4883180266781	64.3682896058086	3096.93072426126	351.245288883708	908.783587267251	14.3893173707839	84.6556630903799	123.448081264108	9.59821857063329	aae-miR-277-5p	aae-miR-277-5p
aae-miR-278-3p	34.5208505937586	958.364391438611	18.6421087953469	110.605486032107	40.5959485243373	22.2148172831278	16.4883180266781	38.6209737634852	32.0740811488508	163.189182888449	381.329414941762	172.671808449407	2649.22428024012	114.630361173815	9.59821857063329	aae-miR-278-3p	aae-miR-278-3p
aae-miR-279	34.5208505937586	106.484932382068	18.6421087953469	31.6015674377449	40.5959485243373	22.2148172831278	16.4883180266781	12.8736579211617	74.6613333409361	183.393557912733	21.0756861611143	287.786347415679	72.2063008712064	8.81772009029345	9.59821857063329	aae-miR-996	aae-miR-996
aae-miR-281-3p	103.562551781276	496.92968444965	37.2842175906939	2543.92617873847	4018.99890390939	22.2148172831278	115.418226186747	901.15605448132	370.633826608943	3311.96332128842	570.729581242977	43.1679521123518	122.0037497479	1789.99717832957	19.1964371412666	aae-miR-281-3p	aae-miR-281-3p
aae-miR-281-5p	138.083402375035	7418.45028928407	316.915849520898	14789.5335608646	66617.9515284375	11018.5493724314	1269.60048805421	8470.86691212441	19374.3487179633	99088.4718498659	23069.165062807	863.359042247036	4011.18450701771	18076.3261851016	76.7857485650663	aae-miR-281-5p	aae-miR-281-5p
aae-miR-282-3p	34.5208505937586	35.4949774606893	18.6421087953469	15.8007837188725	40.5959485243373	22.2148172831278	16.4883180266781	12.8736579211617	21.0263420864689	45.0712981310953	17.7035763753361	14.3893173707839	2.4898724438347	8.81772009029345	9.59821857063329	aae-miR-282-3p	aae-miR-282-3p
aae-miR-283	34.5208505937586	35.4949774606893	18.6421087953469	31.6015674377449	40.5959485243373	22.2148172831278	16.4883180266781	141.610237132779	29.7576197325449	13.9876442475813	1.12403659525943	57.5572694831357	2.4898724438347	167.536681715576	9.59821857063329	aae-miR-283	aae-miR-283
aae-miR-285	34.5208505937586	35.4949774606893	18.6421087953469	15.8007837188725	40.5959485243373	22.2148172831278	16.4883180266781	12.8736579211617	633.106724010372	38.8545673543925	294.497587957971	14.3893173707839	2.4898724438347	8.81772009029345	9.59821857063329	aae-miR-998	aae-miR-998
aae-miR-2940-3p	3037.83485225076	178255.776807582	10029.4545318966	537068.638604475	260423.009783624	109119.182494724	44271.1339016307	570959.602461443	178189.517905178	168221.626452189	108442.835573398	6029.12397835847	45395.3543959943	599164.08013544	2380.35820551706	aae-miR-2940-3p	aae-miR-2940-3p
aae-miR-2940-5p	34.5208505937586	35.4949774606893	18.6421087953469	79.0039185943623	40.5959485243373	22.2148172831278	16.4883180266781	25.7473158423234	3755.518523851	1271.32144383572	404.653174293395	43.1679521123518	27.3885968821817	17.6354401805869	9.59821857063329	aae-miR-2940-5p	aae-miR-2940-5p
aae-miR-2941	1760.56338028169	8128.34983849785	18.6421087953469	521.425862722791	649.535176389396	44.4296345662557	131.906544213425	244.599500502073	3.56378679431676	116.563702063178	19.9516495658549	75975.5957177392	43654.9335577538	70.5417607223476	38.3928742825332	aae-miR-2941	aae-miR-2941
aae-miR-2945-3p	69.0417011875173	674.404571753097	37.2842175906939	173.808620907597	40.5959485243373	22.2148172831278	16.4883180266781	64.3682896058086	553.277899817677	2817.73322454054	308.267036249899	1755.49671923564	5686.86866171846	8.81772009029345	9.59821857063329	aae-miR-996	aae-miR-996
aae-miR-2946	379.729356531345	40641.7491924893	55.9263263860408	2923.1449879914	40.5959485243373	44.4296345662557	115.418226186747	630.809238136924	3.20740811488508	101.021875121421	25.8528416909669	14130.3096581098	26581.8782103793	343.891083521445	9.59821857063329	aae-miR-2941	aae-miR-2941
aae-miR-2a-3p	69.0417011875173	922.869413977922	18.6421087953469	442.421944128429	2151.58527178988	22.2148172831278	49.4649540800343	386.209737634852	17695.4487591607	3105.25702296305	646.602051422988	2446.18395303327	4822.88292370782	246.896162528217	19.1964371412666	aae-miR-2a-3p	aae-miR-2a-3p
aae-miR-2a-5p	34.5208505937586	35.4949774606893	18.6421087953469	15.8007837188725	40.5959485243373	22.2148172831278	16.4883180266781	12.8736579211617	122.416076384781	343.47437541283	653.908289292174	259.007712674111	2320.56111765394	8.81772009029345	9.59821857063329	aae-miR-2a-5p	aae-miR-2a-5p
aae-miR-2b	34.5208505937586	2910.58815177652	18.6421087953469	1232.46113007205	9864.81549141396	22.2148172831278	32.9766360533562	566.440948531116	16091.7447017182	2628.12293585111	427.133906198584	1266.25992862899	1493.92346630082	229.26072234763	9.59821857063329	aae-miR-2a-3p	aae-miR-2a-3p
aae-miR-2c	69.0417011875173	6318.1059880027	205.063196748816	3333.96536468209	10351.966873706	22.2148172831278	49.4649540800343	656.556553979248	17721.2862134195	3123.90721529316	675.827002899733	2446.18395303327	5124.15748941182	370.344243792325	9.59821857063329	aae-miR-2a-3p	aae-miR-2a-3p
aae-miR-305-5p	34.5208505937586	35.4949774606893	18.6421087953469	15.8007837188725	40.5959485243373	22.2148172831278	16.4883180266781	205.978526738588	938.523252283318	3127.01558068151	76.4344884776414	57.5572694831357	52.2873213205287	26.4531602708804	9.59821857063329	aae-miR-305-5p	aae-miR-305-5p
aae-miR-306-5p	34.5208505937586	603.414616831718	18.6421087953469	110.605486032107	40.5959485243373	2621.34843940909	16.4883180266781	128.736579211617	188.167942739925	261.102692621518	87.3938452814208	302.175664786463	1909.73216442122	52.9063205417607	9.59821857063329	aae-miR-275-3p	aae-miR-275-3p
aae-miR-307	379.729356531345	52497.0716643595	372.842175906939	12688.0293262546	43600.0487151382	5287.12651338443	115.418226186747	2986.68863770952	93.1930246713832	40.4087500485682	94.7000831506071	158.282491078623	1277.3045636872	7027.72291196388	57.5893114237997	aae-miR-307	aae-miR-307
aae-miR-308-3p	69.0417011875173	2449.15344478756	18.6421087953469	205.410188345342	40.5959485243373	22.2148172831278	16.4883180266781	231.725842580911	83.9271790061596	340.366010024478	138.25650121691	172.671808449407	1822.586628887	96.994920993228	28.7946557118999	aae-miR-2a-3p	aae-miR-2a-3p
aae-miR-308-5p	34.5208505937586	106.484932382068	18.6421087953469	237.011755783087	40.5959485243373	22.2148172831278	16.4883180266781	64.3682896058086	12.4732537801087	21.7585577184598	95.5431105970517	100.725221595488	191.720178175272	17.6354401805869	9.59821857063329	aae-miR-308-5p	aae-miR-308-5p
aae-miR-31	34.5208505937586	35.4949774606893	18.6421087953469	300.214890658577	40.5959485243373	22.2148172831278	16.4883180266781	51.4946316846469	2235.02888805576	1857.24831953996	1297.4192400782	129.503856337055	557.731427418973	8.81772009029345	9.59821857063329	aae-miR-31	aae-miR-31
aae-miR-315-novel-a	483.291908312621	70.9899549213786	93.2105439767347	63.2031348754898	40.5959485243373	22.2148172831278	16.4883180266781	64.3682896058086	0.178189339715838	4.6625480825271	0.281009148814858	215.839760561759	9.95948977533881	17.6354401805869	38.3928742825332	aae-miR-315-5p	aae-miR-315-5p
aae-miR-315-novel-b	34.5208505937586	35.4949774606893	18.6421087953469	15.8007837188725	40.5959485243373	22.2148172831278	16.4883180266781	12.8736579211617	2.85102943545341	13.9876442475813	0.281009148814858	14.3893173707839	2.4898724438347	8.81772009029345	9.59821857063329	aae-miR-315-5p	aae-miR-315-5p
aae-miR-316	34.5208505937586	35.4949774606893	18.6421087953469	110.605486032107	40.5959485243373	22.2148172831278	16.4883180266781	12.8736579211617	96.2222434465525	136.768077087462	328.218685815754	14.3893173707839	2.4898724438347	8.81772009029345	9.59821857063329	aae-miR-316	aae-miR-316
aae-miR-317	138.083402375035	31555.0349625528	111.852652772082	679.433699911516	40.5959485243373	22.2148172831278	16.4883180266781	167.357552975102	18096.9093415405	8656.79760655865	4979.20110785047	2992.97801312306	5238.69162182821	246.896162528217	9.59821857063329	aae-miR-317	aae-miR-317
aae-miR-33	34.5208505937586	35.4949774606893	18.6421087953469	31.6015674377449	40.5959485243373	22.2148172831278	16.4883180266781	25.7473158423234	40.627169455211	83.9258654854878	159.613196526839	14.3893173707839	49.797448876694	8.81772009029345	9.59821857063329	aae-miR-33	aae-miR-33
aae-miR-34-3p	34.5208505937586	35.4949774606893	18.6421087953469	15.8007837188725	40.5959485243373	22.2148172831278	16.4883180266781	12.8736579211617	25.6592649190807	10.8792788592299	51.7056833819339	14.3893173707839	2.4898724438347	8.81772009029345	9.59821857063329	aae-miR-34-3p	aae-miR-34-3p
aae-miR-34-5p	138.083402375035	2342.66851240549	559.263263860408	3144.35596005562	8525.14919011083	377.651893813173	16.4883180266781	347.588763871366	18043.0961609463	15129.9685278004	63703.0879814354	4964.31449292046	15439.699024219	564.334085778781	19.1964371412666	aae-miR-34-5p	aae-miR-34-5p
aae-miR-375	34.5208505937586	35.4949774606893	18.6421087953469	47.4023511566174	40.5959485243373	22.2148172831278	16.4883180266781	12.8736579211617	10.3349817035186	40.4087500485682	200.921541402623	14.3893173707839	2.4898724438347	79.3594808126411	9.59821857063329	aae-miR-375	aae-miR-375
aae-miR-7	103.562551781276	18315.4083697157	37.2842175906939	1358.86739982303	121.787845573012	66.6444518493835	49.4649540800343	630.809238136924	17546.1260924788	8989.39270311225	34152.1658920649	4863.58927132497	37298.2892086438	520.245485327314	9.59821857063329	aae-miR-7	aae-miR-7
aae-miR-71-3p	34.5208505937586	177.474887303447	18.6421087953469	15.8007837188725	40.5959485243373	22.2148172831278	16.4883180266781	12.8736579211617	216.856426434175	181.839375218557	69.1282506084551	14.3893173707839	69.7164284273717	8.81772009029345	9.59821857063329	aae-miR-71-3p	aae-miR-71-3p
aae-miR-71-5p	276.166804750069	4720.83200227168	18.6421087953469	647.832132473771	40.5959485243373	22.2148172831278	32.9766360533562	373.33607971369	2107.08894213978	2999.5725997591	2496.4852780712	8777.4835961782	20725.6982224801	335.073363431151	19.1964371412666	aae-miR-71-5p	aae-miR-71-5p
aae-miR-79-3p	103.562551781276	6460.08589784546	18.6421087953469	632.031348754898	243.575691146024	66.6444518493835	49.4649540800343	308.967790107881	709.728140088182	2127.67610832653	53.391738274823	1856.22194083113	10806.0464062426	352.708803611738	9.59821857063329	aae-miR-9c-3p	aae-miR-9c-3p
aae-miR-8-3p	103.562551781276	851.879459056544	37.2842175906939	2607.12931361396	6738.92745503999	4331.88937020993	313.278042506884	4994.97927341075	47062.1210803691	132057.349341415	15456.9082305613	4877.97858869575	5268.57009115423	1278.56941309255	19.1964371412666	aae-miR-8-3p	aae-miR-8-3p
aae-miR-8-5p	34.5208505937586	35.4949774606893	18.6421087953469	15.8007837188725	40.5959485243373	22.2148172831278	16.4883180266781	115.862921290455	818.245447975128	323.270000388546	2918.2800104423	28.7786347415679	12.4493622191735	8.81772009029345	9.59821857063329	aae-miR-8-5p	aae-miR-8-5p
aae-miR-87	34.5208505937586	177.474887303447	18.6421087953469	869.043104537985	40.5959485243373	22.2148172831278	16.4883180266781	360.462421792528	10166.058209468	4047.09173563352	1725.11516457441	848.969724876252	600.059258964163	308.620203160271	9.59821857063329	aae-miR-87	aae-miR-87
aae-miR-927	34.5208505937586	35.4949774606893	18.6421087953469	15.8007837188725	40.5959485243373	22.2148172831278	16.4883180266781	12.8736579211617	40.627169455211	1.5541826941757	14.0504574407429	14.3893173707839	14.9392346630082	8.81772009029345	9.59821857063329	aae-miR-927	aae-miR-927
aae-miR-929	34.5208505937586	1526.28403080964	37.2842175906939	774.23840222475	1380.26224982747	22.2148172831278	16.4883180266781	141.610237132779	161.795920461981	63.7214904612037	284.381258600636	86.3359042247036	102.084770197223	105.812641083521	9.59821857063329	aae-miR-929	aae-miR-929
aae-miR-92a-3p	34.5208505937586	35.4949774606893	18.6421087953469	15.8007837188725	40.5959485243373	22.2148172831278	16.4883180266781	12.8736579211617	10.8695497226661	9.3250961650542	1.40504574407429	14.3893173707839	2.4898724438347	8.81772009029345	9.59821857063329	aae-miR-92a-3p	aae-miR-92a-3p
aae-miR-92b-3p	34.5208505937586	35.4949774606893	37.2842175906939	31.6015674377449	40.5959485243373	22.2148172831278	16.4883180266781	12.8736579211617	15.1460938758462	40.4087500485682	53.391738274823	374.122251640382	84.6556630903799	8.81772009029345	9.59821857063329	aae-miR-92a-3p	aae-miR-92a-3p
aae-miR-932-5p	34.5208505937586	35.4949774606893	18.6421087953469	15.8007837188725	40.5959485243373	22.2148172831278	16.4883180266781	12.8736579211617	1885.599592873	183.393557912733	387.230607066874	14.3893173707839	49.797448876694	8.81772009029345	9.59821857063329	aae-miR-932-5p	aae-miR-932-5p
aae-miR-932-novel-a	6075.66970450152	3762.46761083307	3281.01114798106	932.246239413475	6414.15986684529	44.4296345662557	115.418226186747	231.725842580911	145.758879887555	166.2975482768	26.6958691374115	2316.68009669621	124.493622191735	123.448081264108	3100.22459831455	aae-miR-932-5p	aae-miR-932-5p
aae-miR-932-novel-b	3659.21016293842	1490.78905334895	3038.66373364155	252.812539501959	6414.15986684529	44.4296345662557	115.418226186747	128.736579211617	69.4938424891768	91.6967789563663	4.77715552985259	1697.9394497525	52.2873213205287	61.7240406320542	3081.02816117329	aae-miR-932-5p	aae-miR-932-5p
aae-miR-957	34.5208505937586	35.4949774606893	18.6421087953469	15.8007837188725	40.5959485243373	22.2148172831278	16.4883180266781	12.8736579211617	1093.36978849638	133.65971169911	2650.19728247293	14.3893173707839	19.9189795506776	8.81772009029345	9.59821857063329	aae-miR-957	aae-miR-957
aae-miR-965	34.5208505937586	70.9899549213786	18.6421087953469	31.6015674377449	40.5959485243373	22.2148172831278	16.4883180266781	12.8736579211617	25.6592649190807	32.6378365776897	10.6783476549646	14.3893173707839	24.898724438347	8.81772009029345	9.59821857063329	aae-miR-965	aae-miR-965
aae-miR-970	34.5208505937586	390.444752067582	18.6421087953469	79.0039185943623	40.5959485243373	22.2148172831278	16.4883180266781	25.7473158423234	879.898959516808	500.446827524576	71.3763237989739	158.282491078623	278.865713709487	8.81772009029345	9.59821857063329	aae-miR-970	aae-miR-970
aae-miR-980-3p	34.5208505937586	3514.00276860824	18.6421087953469	94.8047023132347	40.5959485243373	22.2148172831278	16.4883180266781	38.6209737634852	2724.69319359488	4319.07370711427	5327.65245238089	633.129964314493	9100.48378221584	61.7240406320542	9.59821857063329	aae-miR-980-3p	aae-miR-980-3p
aae-miR-981	34.5208505937586	35.4949774606893	18.6421087953469	15.8007837188725	40.5959485243373	22.2148172831278	16.4883180266781	12.8736579211617	55.9514526707731	13.9876442475813	238.576767343814	14.3893173707839	14.9392346630082	8.81772009029345	9.59821857063329	aae-miR-981	aae-miR-981
aae-miR-988-3p	34.5208505937586	141.979909842757	18.6421087953469	15.8007837188725	40.5959485243373	22.2148172831278	16.4883180266781	12.8736579211617	145.58069054784	127.442980922407	240.824840534333	14.3893173707839	124.493622191735	8.81772009029345	9.59821857063329	aae-miR-988-3p	aae-miR-988-3p
aae-miR-988-5p	34.5208505937586	35.4949774606893	18.6421087953469	79.0039185943623	40.5959485243373	22.2148172831278	16.4883180266781	25.7473158423234	129.187271293982	268.873606092396	708.424064162257	330.95429952803	530.342830536792	44.0886004514673	9.59821857063329	aae-miR-988-5p	aae-miR-988-5p
aae-miR-989	207.125103562552	2981.5781066979	484.69482867902	73868.6638857287	36495.7577233792	7975.1194046429	2423.78274992168	37887.1752619789	57.7333460679315	19107.1220421961	1029.89853040645	60061.0107056521	45689.1593443668	3676.98927765237	76.7857485650663	aae-miR-989	aae-miR-989
aae-miR-989-novel-a	1001.104667219	319.454797146204	242.34741433951	63.2031348754898	40.5959485243373	22.2148172831278	181.371498293459	77.2419475269703	0.712757358863352	15.541826941757	1.40504574407429	1208.70265914585	4.9797448876694	44.0886004514673	105.580404276966	aae-miR-989	aae-miR-989
aae-miR-996	34.5208505937586	12210.2722464771	18.6421087953469	363.418025534066	40.5959485243373	22.2148172831278	16.4883180266781	308.967790107881	1917.67367402185	5436.5310642266	315.573274119086	5050.65039714516	190940.848100352	246.896162528217	28.7946557118999	aae-miR-996	aae-miR-996
aae-miR-998	69.0417011875173	7950.87495119441	18.6421087953469	1090.2540766022	81.1918970486745	22.2148172831278	65.9532721067124	579.314606452277	1604.06043612197	1673.85476162723	286.067313493525	1424.54241970761	14881.9675968	361.526523702032	9.59821857063329	aae-miR-998	aae-miR-998
aae-miR-999	34.5208505937586	106.484932382068	18.6421087953469	31.6015674377449	40.5959485243373	22.2148172831278	16.4883180266781	12.8736579211617	1533.4974575945	178.731009830206	282.695203707747	100.725221595488	112.044259972562	52.9063205417607	9.59821857063329	aae-miR-999	aae-miR-999
aae-miR-9a	276.166804750069	1526.28403080964	18.6421087953469	221.210972064214	527.747330816385	3954.23747639676	32.9766360533562	308.967790107881	170.349008768341	180.285192524381	76.7154976264562	7496.83435017843	2933.06973883728	193.989841986456	28.7946557118999	aae-miR-9c-5p	aae-miR-9c-5p
aae-miR-9b	34.5208505937586	816.384481595854	18.6421087953469	284.414106939704	81.1918970486745	111.074086415639	16.4883180266781	154.483895053941	78.4033094749687	436.725337063372	38.4982533876355	978.473581213307	346.092269693024	17.6354401805869	9.59821857063329	aae-miR-9c-5p	aae-miR-9c-5p
aae-miR-9c-3p	34.5208505937586	390.444752067582	18.6421087953469	189.609404626469	40.5959485243373	22.2148172831278	16.4883180266781	218.852184659749	70.5629785274718	29.5294711893383	10.6783476549646	259.007712674111	306.254310591668	88.1772009029345	9.59821857063329	aae-miR-9c-3p	aae-miR-9c-3p
aae-miR-9c-5p	69.0417011875173	674.404571753097	18.6421087953469	94.8047023132347	40.5959485243373	22.2148172831278	65.9532721067124	154.483895053941	235.744496444054	240.898317597234	109.593568037795	892.137676988604	2519.75091316072	35.2708803611738	9.59821857063329	aae-miR-9c-5p	aae-miR-9c-5p
aae-miR-iab-4-5p	34.5208505937586	35.4949774606893	18.6421087953469	15.8007837188725	40.5959485243373	22.2148172831278	16.4883180266781	12.8736579211617	1.96008273687422	27.9752884951626	2.24807319051886	14.3893173707839	74.6961733150411	8.81772009029345	9.59821857063329	aae-miR-iab-4-5p	aae-miR-iab-4-5p
aae-novel-100a	34.5208505937586	461.434706988961	18.6421087953469	252.812539501959	40.5959485243373	22.2148172831278	49.4649540800343	682.303869821571	6.05843755033849	20.2043750242841	5.05816467866744	14.3893173707839	239.027754608131	484.97460496614	19.1964371412666	aae-novel-fam100	aae-novel-fam100
aae-novel-101a	310.687655343828	674.404571753097	708.400134223183	505.625079003919	40.5959485243373	22.2148172831278	32.9766360533562	437.704369319498	2.13827207659005	32.6378365776897	1.68605489288915	230.229077932543	39.8379591013552	476.156884875847	374.330524254698	aae-novel-fam101	aae-novel-fam101
aae-novel-102a	34.5208505937586	141.979909842757	111.852652772082	15.8007837188725	40.5959485243373	22.2148172831278	16.4883180266781	12.8736579211617	0.356378679431676	7.7709134708785	0.281009148814858	86.3359042247036	2.4898724438347	8.81772009029345	19.1964371412666	aae-novel-fam102	aae-novel-fam102
aae-novel-103a	1173.70892018779	18244.4184147943	335.557958316245	5214.25862722791	3816.0191612877	7775.18604909475	181.371498293459	6488.32359226551	135.067519504605	139.876442475813	30.6299972208195	158.282491078623	532.832702980626	5537.52821670429	518.303802814198	aae-novel-fam103	aae-novel-fam103
aae-novel-104a	34.5208505937586	35.4949774606893	18.6421087953469	15.8007837188725	40.5959485243373	22.2148172831278	16.4883180266781	12.8736579211617	0.178189339715838	1.5541826941757	0.562018297629716	14.3893173707839	2.4898724438347	8.81772009029345	9.59821857063329	aae-novel-fam104	aae-novel-fam104
aae-novel-105a	379.729356531345	106.484932382068	335.557958316245	94.8047023132347	40.5959485243373	22.2148172831278	65.9532721067124	12.8736579211617	1.06913603829503	3.1083653883514	1.68605489288915	86.3359042247036	17.4291071068429	70.5417607223476	143.973278559499	aae-novel-fam105	aae-novel-fam105
aae-novel-105b	310.687655343828	106.484932382068	316.915849520898	94.8047023132347	40.5959485243373	22.2148172831278	65.9532721067124	12.8736579211617	0.89094669857919	3.1083653883514	0.562018297629716	86.3359042247036	17.4291071068429	52.9063205417607	143.973278559499	aae-novel-fam105	aae-novel-fam105
aae-novel-106a	310.687655343828	70.9899549213786	111.852652772082	47.4023511566174	40.5959485243373	22.2148172831278	49.4649540800343	51.4946316846469	0.89094669857919	17.0960096359327	0.281009148814858	215.839760561759	17.4291071068429	8.81772009029345	57.5893114237997	aae-novel-fam106	aae-novel-fam106
aae-novel-107a	34.5208505937586	35.4949774606893	18.6421087953469	15.8007837188725	40.5959485243373	22.2148172831278	16.4883180266781	12.8736579211617	0.89094669857919	10.8792788592299	0.281009148814858	14.3893173707839	2.4898724438347	8.81772009029345	9.59821857063329	aae-novel-fam107	aae-novel-fam107
aae-novel-108a	552.333609500138	35.4949774606893	521.979046269714	15.8007837188725	40.5959485243373	22.2148172831278	16.4883180266781	12.8736579211617	0.178189339715838	17.0960096359327	0.281009148814858	71.9465868539196	2.4898724438347	8.81772009029345	163.169715700766	aae-novel-fam108	aae-novel-fam108
aae-novel-109a	241.64595415631	141.979909842757	167.778979158122	126.40626975098	40.5959485243373	22.2148172831278	164.883180266781	51.4946316846469	0.89094669857919	7.7709134708785	3.09110063696344	215.839760561759	49.797448876694	61.7240406320542	76.7857485650663	aae-novel-fam109	aae-novel-fam109
aae-novel-10a	241.64595415631	248.464842224825	335.557958316245	252.812539501959	40.5959485243373	22.2148172831278	16.4883180266781	167.357552975102	1.06913603829503	6.2167307767028	0.843027446444574	273.397030044895	131.963239523239	44.0886004514673	153.571497130133	aae-novel-fam10	aae-novel-fam10
aae-novel-10b	448.771057718862	496.92968444965	335.557958316245	252.812539501959	40.5959485243373	22.2148172831278	16.4883180266781	180.231210896264	1.06913603829503	7.7709134708785	1.12403659525943	359.732934269598	164.33158129309	52.9063205417607	163.169715700766	aae-novel-fam10	aae-novel-fam10
aae-novel-110a	276.166804750069	177.474887303447	55.9263263860408	126.40626975098	40.5959485243373	22.2148172831278	49.4649540800343	90.115605448132	1.06913603829503	6.2167307767028	0.281009148814858	115.114538966271	4.9797448876694	8.81772009029345	105.580404276966	aae-novel-fam110	aae-novel-fam110
aae-novel-111a	310.687655343828	35.4949774606893	74.5684351813877	31.6015674377449	40.5959485243373	22.2148172831278	16.4883180266781	25.7473158423234	0.712757358863352	3.1083653883514	0.843027446444574	86.3359042247036	2.4898724438347	8.81772009029345	57.5893114237997	aae-novel-fam111	aae-novel-fam111
aae-novel-112a	8940.90030378348	1100.34430128137	2292.97938182767	284.414106939704	1583.24199244915	1399.53348883705	131.906544213425	128.736579211617	1.4255147177267	125.888798228232	5.05816467866744	2086.45101876367	29.8784693260164	79.3594808126411	3781.69811682952	aae-novel-fam112	aae-novel-fam112
aae-novel-11b	2520.02209334438	70.9899549213786	484.69482867902	15.8007837188725	40.5959485243373	22.2148172831278	16.4883180266781	25.7473158423234	1.24732537801087	10.8792788592299	0.843027446444574	417.290203752734	22.4088519945123	8.81772009029345	499.107365672931	aae-novel-fam11	aae-novel-fam11
aae-novel-13a	103.562551781276	35.4949774606893	18.6421087953469	15.8007837188725	40.5959485243373	22.2148172831278	16.4883180266781	12.8736579211617	0.178189339715838	1.5541826941757	0.562018297629716	14.3893173707839	2.4898724438347	8.81772009029345	9.59821857063329	aae-novel-fam13	aae-novel-fam13
aae-novel-14a	172.604252968793	106.484932382068	55.9263263860408	15.8007837188725	40.5959485243373	22.2148172831278	181.371498293459	12.8736579211617	0.178189339715838	3.1083653883514	0.562018297629716	230.229077932543	2.4898724438347	8.81772009029345	9.59821857063329	aae-novel-fam14	aae-novel-fam14
aae-novel-14b	103.562551781276	106.484932382068	55.9263263860408	15.8007837188725	40.5959485243373	22.2148172831278	181.371498293459	12.8736579211617	0.178189339715838	3.1083653883514	0.281009148814858	158.282491078623	2.4898724438347	8.81772009029345	9.59821857063329	aae-novel-fam14	aae-novel-fam14
aae-novel-15a	103.562551781276	35.4949774606893	93.2105439767347	15.8007837188725	40.5959485243373	22.2148172831278	16.4883180266781	12.8736579211617	0.712757358863352	4.6625480825271	0.843027446444574	14.3893173707839	2.4898724438347	8.81772009029345	19.1964371412666	aae-novel-fam15	aae-novel-fam15
aae-novel-16a	34.5208505937586	5750.18634863167	111.852652772082	2875.74263683479	5602.24089635854	22.2148172831278	164.883180266781	2343.00574165143	27.2629689765232	37.3003846602168	8.7112836132606	14.3893173707839	336.132779917685	1428.47065462754	19.1964371412666	aae-novel-fam16	aae-novel-fam16
aae-novel-17a	724.937862468931	780.889504135165	130.494761567429	126.40626975098	40.5959485243373	2199.26691102966	1483.94862240103	257.473158423234	0.712757358863352	1.5541826941757	4.21513723222287	302.175664786463	241.517627051966	26.4531602708804	95.9821857063329	aae-novel-fam17	aae-novel-fam17
aae-novel-17b	172.604252968793	248.464842224825	18.6421087953469	47.4023511566174	40.5959485243373	22.2148172831278	329.766360533562	51.4946316846469	0.178189339715838	1.5541826941757	0.281009148814858	57.5572694831357	57.2670662081982	17.6354401805869	57.5893114237997	aae-novel-fam17	aae-novel-fam17
aae-novel-18a	34.5208505937586	70.9899549213786	18.6421087953469	15.8007837188725	40.5959485243373	22.2148172831278	16.4883180266781	12.8736579211617	0.178189339715838	1.5541826941757	0.281009148814858	14.3893173707839	2.4898724438347	8.81772009029345	19.1964371412666	aae-novel-fam18	aae-novel-fam18
aae-novel-19a	448.771057718862	141.979909842757	167.778979158122	31.6015674377449	40.5959485243373	22.2148172831278	16.4883180266781	51.4946316846469	0.89094669857919	9.3250961650542	2.81009148814858	201.450443190975	2.4898724438347	26.4531602708804	76.7857485650663	aae-novel-fam19	aae-novel-fam19
aae-novel-1a	172.604252968793	106.484932382068	186.421087953469	31.6015674377449	40.5959485243373	22.2148172831278	313.278042506884	25.7473158423234	0.178189339715838	4.6625480825271	0.562018297629716	259.007712674111	29.8784693260164	8.81772009029345	143.973278559499	aae-novel-fam1	aae-novel-fam1
aae-novel-21a	103.562551781276	35.4949774606893	55.9263263860408	15.8007837188725	40.5959485243373	22.2148172831278	16.4883180266781	38.6209737634852	4.98930151204346	12.4334615534056	32.8780704113384	43.1679521123518	2.4898724438347	8.81772009029345	19.1964371412666	aae-novel-fam21	aae-novel-fam21
aae-novel-22a	241.64595415631	1384.30412096688	186.421087953469	726.836051068133	40.5959485243373	22.2148172831278	16.4883180266781	424.830711398337	1.96008273687422	1.5541826941757	1.68605489288915	86.3359042247036	57.2670662081982	88.1772009029345	86.3839671356996	aae-novel-fam22	aae-novel-fam22
aae-novel-23a	4418.6688760011	1348.80914350619	186.421087953469	158.007837188725	40.5959485243373	22.2148172831278	2242.41125162822	51.4946316846469	59.337050125374	130.551346310759	1.68605489288915	2518.13053988719	52.2873213205287	17.6354401805869	191.964371412666	aae-novel-fam23	aae-novel-fam23
aae-novel-24a	34.5208505937586	35.4949774606893	18.6421087953469	15.8007837188725	40.5959485243373	22.2148172831278	16.4883180266781	12.8736579211617	0.178189339715838	1.5541826941757	1.12403659525943	14.3893173707839	2.4898724438347	8.81772009029345	9.59821857063329	aae-novel-fam24	aae-novel-fam24
aae-novel-25a	34.5208505937586	70.9899549213786	18.6421087953469	15.8007837188725	40.5959485243373	22.2148172831278	16.4883180266781	12.8736579211617	1.4255147177267	4.6625480825271	0.281009148814858	14.3893173707839	34.8582142136858	8.81772009029345	9.59821857063329	aae-novel-fam25	aae-novel-fam25
aae-novel-28a	6179.23225628279	2662.1233095517	7363.63297416204	2875.74263683479	2598.14070555759	22.2148172831278	3231.71033322891	4029.45492932362	1066.99776621844	2965.38058048724	46.9285278520813	3942.6729595948	981.009742870873	890.589729119639	5595.76142667921	aae-novel-fam28	aae-novel-fam28
aae-novel-29a	517.812758906379	70.9899549213786	298.273740725551	126.40626975098	40.5959485243373	22.2148172831278	16.4883180266781	25.7473158423234	0.356378679431676	7.7709134708785	0.562018297629716	71.9465868539196	17.4291071068429	8.81772009029345	67.187529994433	aae-novel-fam29	aae-novel-fam29
aae-novel-2a	276.166804750069	106.484932382068	149.136870362775	63.2031348754898	40.5959485243373	22.2148172831278	16.4883180266781	25.7473158423234	0.178189339715838	1.5541826941757	0.281009148814858	57.5572694831357	2.4898724438347	8.81772009029345	316.741212830899	aae-novel-fam2	aae-novel-fam2
aae-novel-30a	379.729356531345	248.464842224825	111.852652772082	31.6015674377449	40.5959485243373	22.2148172831278	16.4883180266781	77.2419475269703	84.4617470253072	73.0465866262579	11.2403659525943	115.114538966271	378.460611462875	26.4531602708804	163.169715700766	aae-novel-fam30	aae-novel-fam30
aae-novel-30b	34.5208505937586	35.4949774606893	37.2842175906939	15.8007837188725	40.5959485243373	22.2148172831278	16.4883180266781	12.8736579211617	9.08765632550773	4.6625480825271	1.12403659525943	14.3893173707839	4.9797448876694	8.81772009029345	38.3928742825332	aae-novel-fam30	aae-novel-fam30
aae-novel-30c	34.5208505937586	35.4949774606893	37.2842175906939	15.8007837188725	40.5959485243373	22.2148172831278	16.4883180266781	12.8736579211617	4.63292283261179	1.5541826941757	0.843027446444574	14.3893173707839	2.4898724438347	8.81772009029345	19.1964371412666	aae-novel-fam30	aae-novel-fam30
aae-novel-31a	34.5208505937586	35.4949774606893	18.6421087953469	15.8007837188725	40.5959485243373	22.2148172831278	16.4883180266781	12.8736579211617	0.178189339715838	1.5541826941757	0.281009148814858	14.3893173707839	2.4898724438347	8.81772009029345	19.1964371412666	aae-novel-fam31	aae-novel-fam31
aae-novel-32a	34.5208505937586	35.4949774606893	55.9263263860408	31.6015674377449	40.5959485243373	22.2148172831278	16.4883180266781	25.7473158423234	0.178189339715838	1.5541826941757	0.281009148814858	14.3893173707839	2.4898724438347	8.81772009029345	9.59821857063329	aae-novel-fam32	aae-novel-fam32
aae-novel-32b	34.5208505937586	35.4949774606893	55.9263263860408	31.6015674377449	40.5959485243373	22.2148172831278	16.4883180266781	25.7473158423234	0.178189339715838	1.5541826941757	0.281009148814858	14.3893173707839	2.4898724438347	8.81772009029345	9.59821857063329	aae-novel-fam32	aae-novel-fam32
aae-novel-33a	103.562551781276	248.464842224825	130.494761567429	126.40626975098	40.5959485243373	22.2148172831278	16.4883180266781	231.725842580911	23.1646141630589	15.541826941757	0.843027446444574	158.282491078623	12.4493622191735	70.5417607223476	191.964371412666	aae-novel-fam33	aae-novel-fam33
aae-novel-33b	103.562551781276	35.4949774606893	111.852652772082	31.6015674377449	40.5959485243373	22.2148172831278	16.4883180266781	115.862921290455	13.5423898184037	9.3250961650542	0.843027446444574	143.893173707839	12.4493622191735	44.0886004514673	191.964371412666	aae-novel-fam33	aae-novel-fam33
aae-novel-33c	103.562551781276	35.4949774606893	55.9263263860408	31.6015674377449	40.5959485243373	22.2148172831278	16.4883180266781	102.989263369294	13.7205791581195	10.8792788592299	0.843027446444574	143.893173707839	12.4493622191735	44.0886004514673	191.964371412666	aae-novel-fam33	aae-novel-fam33
aae-novel-34b	1035.62551781276	425.939729528272	335.557958316245	142.207053469852	40.5959485243373	22.2148172831278	148.394862240103	115.862921290455	21.9172887850481	83.9258654854878	56.2018297629716	115.114538966271	418.29857056423	229.26072234763	153.571497130133	aae-novel-fam34	aae-novel-fam34
aae-novel-34c	34.5208505937586	70.9899549213786	18.6421087953469	15.8007837188725	40.5959485243373	22.2148172831278	16.4883180266781	12.8736579211617	0.89094669857919	12.4334615534056	2.24807319051886	86.3359042247036	14.9392346630082	8.81772009029345	9.59821857063329	aae-novel-fam34	aae-novel-fam34
aae-novel-34d	379.729356531345	390.444752067582	74.5684351813877	126.40626975098	40.5959485243373	22.2148172831278	16.4883180266781	128.736579211617	16.0370405744254	54.3963942961495	47.2095370008961	143.893173707839	204.169540394446	61.7240406320542	47.9910928531665	aae-novel-fam34	aae-novel-fam34
aae-novel-35a	724.937862468931	319.454797146204	242.34741433951	142.207053469852	40.5959485243373	22.2148172831278	16.4883180266781	77.2419475269703	4.81111217232762	27.9752884951626	6.18220127392688	259.007712674111	17.4291071068429	255.71388261851	143.973278559499	aae-novel-fam35	aae-novel-fam35
aae-novel-35b	276.166804750069	177.474887303447	186.421087953469	47.4023511566174	40.5959485243373	22.2148172831278	16.4883180266781	64.3682896058086	3.56378679431676	20.2043750242841	4.21513723222287	28.7786347415679	9.95948977533881	282.16704288939	57.5893114237997	aae-novel-fam35	aae-novel-fam35
aae-novel-36a	34.5208505937586	35.4949774606893	18.6421087953469	15.8007837188725	40.5959485243373	22.2148172831278	16.4883180266781	38.6209737634852	0.356378679431676	1.5541826941757	0.281009148814858	14.3893173707839	2.4898724438347	8.81772009029345	9.59821857063329	aae-novel-fam36	aae-novel-fam36
aae-novel-37a	69.0417011875173	70.9899549213786	18.6421087953469	31.6015674377449	40.5959485243373	22.2148172831278	16.4883180266781	12.8736579211617	0.178189339715838	3.1083653883514	0.281009148814858	71.9465868539196	2.4898724438347	61.7240406320542	28.7946557118999	aae-novel-fam37	aae-novel-fam37
aae-novel-38a	310.687655343828	354.949774606893	55.9263263860408	142.207053469852	40.5959485243373	22.2148172831278	32.9766360533562	308.967790107881	6.41481622977016	9.3250961650542	14.6124757383726	143.893173707839	146.902474186247	123.448081264108	28.7946557118999	aae-novel-fam38	aae-novel-fam38
aae-novel-38b	34.5208505937586	35.4949774606893	18.6421087953469	15.8007837188725	40.5959485243373	22.2148172831278	16.4883180266781	12.8736579211617	0.178189339715838	1.5541826941757	0.281009148814858	86.3359042247036	2.4898724438347	8.81772009029345	9.59821857063329	aae-novel-fam38	aae-novel-fam38
aae-novel-38c	276.166804750069	816.384481595854	93.2105439767347	142.207053469852	40.5959485243373	22.2148172831278	82.4415901333905	360.462421792528	3.92016547374843	9.3250961650542	12.9264208454835	14.3893173707839	361.031504356032	282.16704288939	47.9910928531665	aae-novel-fam38	aae-novel-fam38
aae-novel-39a	276.166804750069	496.92968444965	167.778979158122	189.609404626469	40.5959485243373	22.2148172831278	362.742996586918	38.6209737634852	0.356378679431676	15.541826941757	0.562018297629716	302.175664786463	12.4493622191735	17.6354401805869	67.187529994433	aae-novel-fam39	aae-novel-fam39
aae-novel-3a	621.375310687655	70.9899549213786	111.852652772082	31.6015674377449	40.5959485243373	22.2148172831278	16.4883180266781	64.3682896058086	3.38559745460092	15.541826941757	4.21513723222287	14.3893173707839	2.4898724438347	105.812641083521	105.580404276966	aae-novel-fam3	aae-novel-fam3
aae-novel-40a	3762.77271471969	106.484932382068	391.484284702285	15.8007837188725	40.5959485243373	22.2148172831278	214.348134346815	12.8736579211617	28.6884836942499	74.6007693204336	1.68605489288915	3510.99343847128	39.8379591013552	8.81772009029345	124.776841418233	aae-novel-fam40	aae-novel-fam40
aae-novel-41a	34.5208505937586	141.979909842757	18.6421087953469	47.4023511566174	40.5959485243373	22.2148172831278	16.4883180266781	12.8736579211617	3.02921877516924	3.1083653883514	1.68605489288915	14.3893173707839	4.9797448876694	8.81772009029345	19.1964371412666	aae-novel-fam41	aae-novel-fam41
aae-novel-41b	34.5208505937586	35.4949774606893	18.6421087953469	15.8007837188725	40.5959485243373	22.2148172831278	16.4883180266781	12.8736579211617	9.62222434465525	23.3127404126355	4.21513723222287	14.3893173707839	2.4898724438347	8.81772009029345	9.59821857063329	aae-novel-fam41	aae-novel-fam41
aae-novel-42a	34.5208505937586	35.4949774606893	18.6421087953469	15.8007837188725	40.5959485243373	22.2148172831278	16.4883180266781	12.8736579211617	1.96008273687422	4.6625480825271	2.52908233933372	14.3893173707839	2.4898724438347	8.81772009029345	9.59821857063329	aae-novel-fam42	aae-novel-fam42
aae-novel-43a	34.5208505937586	35.4949774606893	18.6421087953469	15.8007837188725	40.5959485243373	22.2148172831278	16.4883180266781	12.8736579211617	0.178189339715838	1.5541826941757	0.562018297629716	14.3893173707839	2.4898724438347	8.81772009029345	9.59821857063329	aae-novel-fam43	aae-novel-fam43
aae-novel-44a	34.5208505937586	70.9899549213786	37.2842175906939	126.40626975098	40.5959485243373	22.2148172831278	16.4883180266781	167.357552975102	8.19670962692854	12.4334615534056	2.81009148814858	14.3893173707839	57.2670662081982	52.9063205417607	9.59821857063329	aae-novel-fam44	aae-novel-fam44
aae-novel-45a	759.45871306269	319.454797146204	410.126393497632	47.4023511566174	7875.61401372143	22.2148172831278	560.602812907055	77.2419475269703	18.1753126510155	135.213894393286	10.1163293573349	1050.42016806723	22.4088519945123	79.3594808126411	489.509147102298	aae-novel-fam45	aae-novel-fam45
aae-novel-46a	1933.16763325048	1277.81918858482	167.778979158122	94.8047023132347	40.5959485243373	22.2148172831278	774.950947253871	141.610237132779	2.49465075602173	10.8792788592299	1.96706404170401	1683.55013238172	251.477116827305	105.812641083521	383.928742825332	aae-novel-fam46	aae-novel-fam46
aae-novel-47a	586.854460093897	709.899549213786	223.705305544163	331.816458096322	40.5959485243373	22.2148172831278	1286.08880608089	64.3682896058086	0.356378679431676	9.3250961650542	0.562018297629716	503.626107977438	77.1860457588758	52.9063205417607	86.3839671356996	aae-novel-fam47	aae-novel-fam47
aae-novel-48a	34.5208505937586	35.4949774606893	18.6421087953469	15.8007837188725	40.5959485243373	22.2148172831278	16.4883180266781	12.8736579211617	0.178189339715838	3.1083653883514	0.281009148814858	14.3893173707839	2.4898724438347	8.81772009029345	9.59821857063329	aae-novel-fam48	aae-novel-fam48
aae-novel-49a	34.5208505937586	35.4949774606893	37.2842175906939	15.8007837188725	40.5959485243373	22.2148172831278	16.4883180266781	12.8736579211617	7.48395226806519	4.6625480825271	16.8605489288915	28.7786347415679	2.4898724438347	8.81772009029345	9.59821857063329	aae-novel-fam49	aae-novel-fam49
aae-novel-4a	34.5208505937586	35.4949774606893	18.6421087953469	15.8007837188725	40.5959485243373	22.2148172831278	16.4883180266781	12.8736579211617	1.24732537801087	4.6625480825271	0.281009148814858	14.3893173707839	2.4898724438347	8.81772009029345	9.59821857063329	aae-novel-fam4	aae-novel-fam4
aae-novel-4b	34.5208505937586	35.4949774606893	18.6421087953469	15.8007837188725	40.5959485243373	22.2148172831278	16.4883180266781	12.8736579211617	1.24732537801087	4.6625480825271	0.281009148814858	14.3893173707839	2.4898724438347	8.81772009029345	9.59821857063329	aae-novel-fam4	aae-novel-fam4
aae-novel-51b	34.5208505937586	35.4949774606893	18.6421087953469	15.8007837188725	40.5959485243373	22.2148172831278	16.4883180266781	12.8736579211617	0.534568019147514	1.5541826941757	0.281009148814858	14.3893173707839	2.4898724438347	8.81772009029345	9.59821857063329	aae-novel-fam51	aae-novel-fam51
aae-novel-51c	34.5208505937586	35.4949774606893	18.6421087953469	15.8007837188725	40.5959485243373	22.2148172831278	16.4883180266781	12.8736579211617	0.534568019147514	1.5541826941757	0.281009148814858	14.3893173707839	2.4898724438347	8.81772009029345	9.59821857063329	aae-novel-fam51	aae-novel-fam51
aae-novel-52a	724.937862468931	461.434706988961	242.34741433951	426.621160409556	40.5959485243373	22.2148172831278	16.4883180266781	205.978526738588	2.67284009573757	43.5171154369196	10.3973385061497	287.786347415679	67.226555983537	387.979683972912	163.169715700766	aae-novel-fam52	aae-novel-fam52
aae-novel-52b	34.5208505937586	35.4949774606893	37.2842175906939	15.8007837188725	40.5959485243373	22.2148172831278	16.4883180266781	38.6209737634852	0.356378679431676	6.2167307767028	0.843027446444574	14.3893173707839	2.4898724438347	8.81772009029345	9.59821857063329	aae-novel-fam52	aae-novel-fam52
aae-novel-52c	69.0417011875173	35.4949774606893	37.2842175906939	31.6015674377449	40.5959485243373	22.2148172831278	16.4883180266781	12.8736579211617	0.356378679431676	4.6625480825271	0.843027446444574	43.1679521123518	2.4898724438347	8.81772009029345	9.59821857063329	aae-novel-fam52	aae-novel-fam52
aae-novel-53a	517.812758906379	70.9899549213786	186.421087953469	31.6015674377449	40.5959485243373	22.2148172831278	3297.66360533562	38.6209737634852	3.20740811488508	31.083653883514	35.1261436018573	1798.66467134799	405.849208345056	8.81772009029345	220.759027124566	aae-novel-fam53	aae-novel-fam53
aae-novel-54a	3797.29356531345	5998.65119085649	913.463330972	2970.54733914802	365.363536719035	22.2148172831278	3099.80378901548	1029.89263369294	0.712757358863352	93.250961650542	6.74421957155659	6834.92575112237	2427.62563273884	1763.54401805869	220.759027124566	aae-novel-fam54	aae-novel-fam54
aae-novel-55a	552.333609500138	1242.32421112413	74.5684351813877	31.6015674377449	40.5959485243373	22.2148172831278	263.81308842685	875.408738638997	8.01852028721271	68.3840385437308	128.98319930602	1395.76378496604	3498.27078358776	1640.09593679458	47.9910928531665	aae-novel-fam55	aae-novel-fam55
aae-novel-55b	552.333609500138	887.374436517233	55.9263263860408	15.8007837188725	40.5959485243373	22.2148172831278	65.9532721067124	231.725842580911	6.23662689005433	62.167307767028	121.114943139204	1280.64924599977	3279.1620085303	202.807562076749	38.3928742825332	aae-novel-fam55	aae-novel-fam55
aae-novel-55c	448.771057718862	354.949774606893	55.9263263860408	15.8007837188725	40.5959485243373	22.2148172831278	49.4649540800343	25.7473158423234	3.02921877516924	27.9752884951626	44.3994455127476	877.74835961782	1416.73742054195	44.0886004514673	28.7946557118999	aae-novel-fam55	aae-novel-fam55
aae-novel-56a	310.687655343828	70.9899549213786	186.421087953469	31.6015674377449	40.5959485243373	22.2148172831278	3264.68696928226	38.6209737634852	3.20740811488508	29.5294711893383	35.688161899487	1395.76378496604	370.990994131371	8.81772009029345	191.964371412666	aae-novel-fam56	aae-novel-fam56
aae-novel-57a	379.729356531345	70.9899549213786	260.989523134857	31.6015674377449	40.5959485243373	22.2148172831278	3347.12855941565	51.4946316846469	8.19670962692854	46.625480825271	78.1205433705305	1424.54241970761	473.075764328593	61.7240406320542	259.151901407099	aae-novel-fam57	aae-novel-fam57
aae-novel-57b	932.062966031483	106.484932382068	820.252786995265	63.2031348754898	5724.02874193156	22.2148172831278	5803.88794539069	231.725842580911	25.1246968999331	138.322259781637	182.655946729658	3309.5429952803	903.823697111997	123.448081264108	1814.06330984969	aae-novel-fam57	aae-novel-fam57
aae-novel-57c	724.937862468931	70.9899549213786	764.326460609224	47.4023511566174	5724.02874193156	22.2148172831278	5523.58653893716	167.357552975102	13.7205791581195	99.4676924272448	110.998613781869	3223.2070910556	873.94522778598	52.9063205417607	1622.09893843703	aae-novel-fam57	aae-novel-fam57
aae-novel-57d	172.604252968793	35.4949774606893	671.115916632489	15.8007837188725	5683.43279340722	22.2148172831278	3858.26641824268	141.610237132779	10.6913603829503	83.9258654854878	83.4597171980128	2921.03142626914	824.147778909286	44.0886004514673	1372.54525560056	aae-novel-fam57	aae-novel-fam57
aae-novel-58a	34.5208505937586	35.4949774606893	18.6421087953469	15.8007837188725	40.5959485243373	22.2148172831278	16.4883180266781	12.8736579211617	1.24732537801087	1.5541826941757	1.40504574407429	14.3893173707839	2.4898724438347	8.81772009029345	9.59821857063329	aae-novel-fam58	aae-novel-fam58
aae-novel-59a	34.5208505937586	35.4949774606893	93.2105439767347	63.2031348754898	40.5959485243373	22.2148172831278	16.4883180266781	12.8736579211617	0.356378679431676	4.6625480825271	0.281009148814858	71.9465868539196	2.4898724438347	8.81772009029345	9.59821857063329	aae-novel-fam59	aae-novel-fam59
aae-novel-5a	172.604252968793	70.9899549213786	55.9263263860408	237.011755783087	40.5959485243373	22.2148172831278	16.4883180266781	64.3682896058086	2.49465075602173	6.2167307767028	0.562018297629716	244.618395303327	39.8379591013552	61.7240406320542	28.7946557118999	aae-novel-fam5	aae-novel-fam5
aae-novel-5b	310.687655343828	212.969864764136	74.5684351813877	47.4023511566174	40.5959485243373	22.2148172831278	16.4883180266781	38.6209737634852	15.1460938758462	18.6501923301084	10.3973385061497	244.618395303327	44.8177039890246	8.81772009029345	67.187529994433	aae-novel-fam5	aae-novel-fam5
aae-novel-61a	586.854460093897	816.384481595854	130.494761567429	126.40626975098	40.5959485243373	2199.26691102966	1071.74067173408	205.978526738588	0.356378679431676	3.1083653883514	0.562018297629716	345.343616898814	253.96698927114	114.630361173815	86.3839671356996	aae-novel-fam61	aae-novel-fam61
aae-novel-61b	1726.04252968793	1384.30412096688	335.557958316245	252.812539501959	40.5959485243373	2265.91136287904	9068.57491467295	888.282396560159	1.06913603829503	32.6378365776897	13.2074299942983	834.580407505468	443.197295002577	537.880925507901	556.696677096731	aae-novel-fam61	aae-novel-fam61
aae-novel-62a	586.854460093897	141.979909842757	745.684351813877	63.2031348754898	6170.58417569926	22.2148172831278	5474.12158485713	205.978526738588	13.0078217992562	90.1425962621906	92.7330191089031	3295.15367790952	637.407345621684	52.9063205417607	1727.67934271399	aae-novel-fam62	aae-novel-fam62
aae-novel-64a	759.45871306269	354.949774606893	242.34741433951	142.207053469852	40.5959485243373	22.2148172831278	16.4883180266781	77.2419475269703	4.81111217232762	27.9752884951626	6.18220127392688	259.007712674111	17.4291071068429	255.71388261851	143.973278559499	aae-novel-fam64	aae-novel-fam64
aae-novel-65a	34.5208505937586	1561.77900827033	37.2842175906939	1880.29326254582	4668.53408029879	44.4296345662557	115.418226186747	1042.7662916141	23.8773715219223	51.2880289077981	16.8605489288915	14.3893173707839	149.392346630082	387.979683972912	38.3928742825332	aae-novel-fam65	aae-novel-fam65
aae-novel-65b	69.0417011875173	2484.64842224825	111.852652772082	2938.94577171028	5115.0895140665	44.4296345662557	197.859816320137	1828.05942480496	33.1432171871459	74.6007693204336	39.3412808340801	43.1679521123518	729.532626043568	529.063205417607	38.3928742825332	aae-novel-fam65	aae-novel-fam65
aae-novel-65c	34.5208505937586	532.42466191034	37.2842175906939	869.043104537985	40.5959485243373	22.2148172831278	82.4415901333905	502.072658925307	17.1061766127204	32.6378365776897	6.74421957155659	14.3893173707839	94.6151528657187	238.078442437923	19.1964371412666	aae-novel-fam65	aae-novel-fam65
aae-novel-66a	345.208505937586	248.464842224825	242.34741433951	79.0039185943623	40.5959485243373	22.2148172831278	82.4415901333905	64.3682896058086	0.534568019147514	6.2167307767028	0.281009148814858	28.7786347415679	2.4898724438347	52.9063205417607	47.9910928531665	aae-novel-fam66	aae-novel-fam66
aae-novel-67a	172.604252968793	141.979909842757	37.2842175906939	15.8007837188725	40.5959485243373	22.2148172831278	16.4883180266781	12.8736579211617	0.178189339715838	1.5541826941757	0.562018297629716	57.5572694831357	7.46961733150411	8.81772009029345	9.59821857063329	aae-novel-fam67	aae-novel-fam67
aae-novel-67b	172.604252968793	141.979909842757	37.2842175906939	15.8007837188725	40.5959485243373	22.2148172831278	16.4883180266781	12.8736579211617	0.712757358863352	4.6625480825271	1.12403659525943	100.725221595488	7.46961733150411	8.81772009029345	9.59821857063329	aae-novel-fam67	aae-novel-fam67
aae-novel-68a	69.0417011875173	141.979909842757	130.494761567429	63.2031348754898	40.5959485243373	22.2148172831278	16.4883180266781	90.115605448132	0.356378679431676	6.2167307767028	0.281009148814858	86.3359042247036	2.4898724438347	70.5417607223476	47.9910928531665	aae-novel-fam68	aae-novel-fam68
aae-novel-69a	69.0417011875173	35.4949774606893	18.6421087953469	15.8007837188725	40.5959485243373	22.2148172831278	16.4883180266781	25.7473158423234	3.20740811488508	4.6625480825271	1.68605489288915	100.725221595488	39.8379591013552	8.81772009029345	19.1964371412666	aae-novel-fam69	aae-novel-fam69
aae-novel-69b	103.562551781276	106.484932382068	37.2842175906939	15.8007837188725	40.5959485243373	22.2148172831278	16.4883180266781	25.7473158423234	11.047739062382	12.4334615534056	8.43027446444574	100.725221595488	2.4898724438347	8.81772009029345	28.7946557118999	aae-novel-fam69	aae-novel-fam69
aae-novel-6a	34.5208505937586	177.474887303447	18.6421087953469	31.6015674377449	40.5959485243373	22.2148172831278	16.4883180266781	25.7473158423234	2.67284009573757	7.7709134708785	5.90119212511202	14.3893173707839	2.4898724438347	123.448081264108	9.59821857063329	aae-novel-fam6	aae-novel-fam6
aae-novel-70a	172.604252968793	248.464842224825	130.494761567429	47.4023511566174	40.5959485243373	22.2148172831278	49.4649540800343	12.8736579211617	0.178189339715838	3.1083653883514	0.562018297629716	561.183377460573	64.7366835397023	26.4531602708804	230.357245695199	aae-novel-fam70	aae-novel-fam70
aae-novel-71a	34.5208505937586	35.4949774606893	18.6421087953469	15.8007837188725	40.5959485243373	22.2148172831278	16.4883180266781	12.8736579211617	0.356378679431676	3.1083653883514	0.562018297629716	14.3893173707839	2.4898724438347	8.81772009029345	9.59821857063329	aae-novel-fam71	aae-novel-fam71
aae-novel-72a	2796.18889809445	106.484932382068	764.326460609224	158.007837188725	40.5959485243373	5109.4079751194	956.32244554733	270.346816344396	3.56378679431676	13.9876442475813	2.24807319051886	2489.35190514562	54.7771937643634	79.3594808126411	691.071737085597	aae-novel-fam72	aae-novel-fam72
aae-novel-72b	2727.14719690693	106.484932382068	671.115916632489	142.207053469852	40.5959485243373	22.2148172831278	857.392537387261	257.473158423234	2.67284009573757	13.9876442475813	1.68605489288915	2460.57327040405	54.7771937643634	79.3594808126411	691.071737085597	aae-novel-fam72	aae-novel-fam72
aae-novel-73a	8664.73349903342	7773.40006389096	1994.70564110212	1817.09012767033	40.5959485243373	22.2148172831278	774.950947253871	1261.61847627385	1.4255147177267	293.740529199207	3.3721097857783	7655.11684125705	293.804948372495	581.969525959368	2937.05488261379	aae-novel-fam73	aae-novel-fam73
aae-novel-74a	2243.85528859431	3833.45756575445	2516.68468737184	505.625079003919	40.5959485243373	66.6444518493835	1038.76403568072	1403.22871340663	17.2843659524363	957.376539612231	17.4225672265212	748.244503280764	69.7164284273717	3200.83239277652	662.277081373697	aae-novel-fam74	aae-novel-fam74
aae-novel-75a	276.166804750069	70.9899549213786	93.2105439767347	31.6015674377449	40.5959485243373	22.2148172831278	49.4649540800343	51.4946316846469	1.24732537801087	29.5294711893383	0.562018297629716	244.618395303327	24.898724438347	8.81772009029345	57.5893114237997	aae-novel-fam75	aae-novel-fam75
aae-novel-75b	276.166804750069	70.9899549213786	93.2105439767347	31.6015674377449	40.5959485243373	22.2148172831278	49.4649540800343	51.4946316846469	1.06913603829503	27.9752884951626	0.562018297629716	244.618395303327	24.898724438347	8.81772009029345	47.9910928531665	aae-novel-fam75	aae-novel-fam75
aae-novel-76a	69.0417011875173	70.9899549213786	18.6421087953469	15.8007837188725	40.5959485243373	22.2148172831278	16.4883180266781	12.8736579211617	0.356378679431676	3.1083653883514	0.562018297629716	57.5572694831357	2.4898724438347	8.81772009029345	28.7946557118999	aae-novel-fam76	aae-novel-fam76
aae-novel-77a	17122.3418945043	5182.26670926064	18698.035121733	13383.263809885	22287.1757398612	15905.8091747195	1714.78507477452	4943.4846417261	115.110313456431	934.063799199596	16.2985306312618	6417.63554736963	495.484616323106	1172.75677200903	11623.4426890369	aae-novel-fam77	aae-novel-fam77
aae-novel-78a	586.854460093897	1064.84932382068	279.631631930204	363.418025534066	40.5959485243373	22.2148172831278	82.4415901333905	90.115605448132	11.7604964212453	52.8422116019738	66.3181591203065	1424.54241970761	316.213800367007	396.797404063205	105.580404276966	aae-novel-fam78	aae-novel-fam78
aae-novel-78b	552.333609500138	958.364391438611	260.989523134857	316.015674377449	40.5959485243373	22.2148172831278	82.4415901333905	64.3682896058086	0.89094669857919	23.3127404126355	3.93412808340801	1309.42788074134	206.65941283828	396.797404063205	105.580404276966	aae-novel-fam78	aae-novel-fam78
aae-novel-79a	172.604252968793	674.404571753097	149.136870362775	932.246239413475	40.5959485243373	16505.609241364	197.859816320137	399.083395556013	20.848152746753	15.541826941757	2.52908233933372	57.5572694831357	14.9392346630082	264.531602708804	38.3928742825332	aae-novel-fam79	aae-novel-fam79
aae-novel-79b	172.604252968793	177.474887303447	149.136870362775	316.015674377449	40.5959485243373	22.2148172831278	32.9766360533562	128.736579211617	7.48395226806519	7.7709134708785	1.12403659525943	57.5572694831357	14.9392346630082	132.265801354402	38.3928742825332	aae-novel-fam79	aae-novel-fam79
aae-novel-7a	1001.104667219	18066.9435274909	260.989523134857	5214.25862722791	3816.0191612877	7775.18604909475	181.371498293459	6411.08164473854	133.642004786878	136.768077087462	30.0679789231898	115.114538966271	527.852958092957	5334.72065462754	393.526961395965	aae-novel-fam7	aae-novel-fam7
aae-novel-80a	34.5208505937586	35.4949774606893	18.6421087953469	15.8007837188725	40.5959485243373	22.2148172831278	16.4883180266781	12.8736579211617	0.178189339715838	1.5541826941757	0.281009148814858	14.3893173707839	2.4898724438347	8.81772009029345	19.1964371412666	aae-novel-fam80	aae-novel-fam80
aae-novel-82a	34.5208505937586	354.949774606893	18.6421087953469	158.007837188725	40.5959485243373	22.2148172831278	16.4883180266781	296.09413218672	9.97860302408692	23.3127404126355	3.65311893459315	14.3893173707839	256.456861714974	17.6354401805869	19.1964371412666	aae-novel-fam82	aae-novel-fam82
aae-novel-83a	34.5208505937586	35.4949774606893	37.2842175906939	15.8007837188725	40.5959485243373	22.2148172831278	16.4883180266781	12.8736579211617	0.178189339715838	12.4334615534056	0.281009148814858	115.114538966271	2.4898724438347	8.81772009029345	9.59821857063329	aae-novel-fam83	aae-novel-fam83
aae-novel-84a	34.5208505937586	35.4949774606893	18.6421087953469	15.8007837188725	40.5959485243373	22.2148172831278	16.4883180266781	12.8736579211617	0.356378679431676	1.5541826941757	0.281009148814858	14.3893173707839	2.4898724438347	8.81772009029345	9.59821857063329	aae-novel-fam84	aae-novel-fam84
aae-novel-84b	34.5208505937586	106.484932382068	18.6421087953469	31.6015674377449	40.5959485243373	22.2148172831278	16.4883180266781	12.8736579211617	0.178189339715838	1.5541826941757	0.281009148814858	14.3893173707839	2.4898724438347	8.81772009029345	9.59821857063329	aae-novel-fam84	aae-novel-fam84
aae-novel-85a	69.0417011875173	35.4949774606893	37.2842175906939	31.6015674377449	40.5959485243373	22.2148172831278	16.4883180266781	12.8736579211617	0.356378679431676	1.5541826941757	0.281009148814858	14.3893173707839	2.4898724438347	8.81772009029345	9.59821857063329	aae-novel-fam85	aae-novel-fam85
aae-novel-85b	34.5208505937586	35.4949774606893	18.6421087953469	15.8007837188725	40.5959485243373	22.2148172831278	16.4883180266781	12.8736579211617	0.356378679431676	1.5541826941757	0.281009148814858	14.3893173707839	2.4898724438347	8.81772009029345	9.59821857063329	aae-novel-fam85	aae-novel-fam85
aae-novel-85c	34.5208505937586	35.4949774606893	18.6421087953469	15.8007837188725	40.5959485243373	22.2148172831278	16.4883180266781	12.8736579211617	0.356378679431676	1.5541826941757	0.281009148814858	14.3893173707839	2.4898724438347	8.81772009029345	9.59821857063329	aae-novel-fam85	aae-novel-fam85
aae-novel-86a	448.771057718862	674.404571753097	242.34741433951	189.609404626469	40.5959485243373	22.2148172831278	923.345809493973	38.6209737634852	0.534568019147514	18.6501923301084	1.68605489288915	489.236790606654	37.3480866575205	17.6354401805869	86.3839671356996	aae-novel-fam86	aae-novel-fam86
aae-novel-87a	1208.22977078155	674.404571753097	223.705305544163	363.418025534066	40.5959485243373	22.2148172831278	16.4883180266781	154.483895053941	0.356378679431676	20.2043750242841	2.24807319051886	129.503856337055	17.4291071068429	123.448081264108	67.187529994433	aae-novel-fam87	aae-novel-fam87
aae-novel-88a	310.687655343828	283.959819685514	149.136870362775	47.4023511566174	40.5959485243373	22.2148172831278	49.4649540800343	12.8736579211617	78.5814988146845	128.997163616583	107.064485698461	992.862898584091	888.884462448989	52.9063205417607	153.571497130133	aae-novel-fam88	aae-novel-fam88
aae-novel-88b	172.604252968793	177.474887303447	93.2105439767347	31.6015674377449	40.5959485243373	22.2148172831278	16.4883180266781	12.8736579211617	76.977794757242	127.442980922407	105.659439954387	992.862898584091	876.435100229815	44.0886004514673	115.178622847599	aae-novel-fam88	aae-novel-fam88
aae-novel-88c	34.5208505937586	141.979909842757	18.6421087953469	15.8007837188725	40.5959485243373	22.2148172831278	16.4883180266781	12.8736579211617	32.0740811488508	66.8298558495551	18.8276129705955	719.465868539196	410.828953232726	8.81772009029345	38.3928742825332	aae-novel-fam88	aae-novel-fam88
aae-novel-88d	34.5208505937586	141.979909842757	18.6421087953469	31.6015674377449	40.5959485243373	22.2148172831278	16.4883180266781	12.8736579211617	27.9757263353866	60.6131250728523	15.736512333632	460.458155865086	353.561887024528	17.6354401805869	19.1964371412666	aae-novel-fam88	aae-novel-fam88
aae-novel-89a	34.5208505937586	35.4949774606893	18.6421087953469	15.8007837188725	40.5959485243373	22.2148172831278	16.4883180266781	12.8736579211617	0.534568019147514	1.5541826941757	1.40504574407429	14.3893173707839	2.4898724438347	8.81772009029345	9.59821857063329	aae-novel-fam89	aae-novel-fam89
aae-novel-8a	207.125103562552	141.979909842757	111.852652772082	110.605486032107	40.5959485243373	22.2148172831278	16.4883180266781	25.7473158423234	1.96008273687422	4.6625480825271	1.40504574407429	86.3359042247036	34.8582142136858	8.81772009029345	47.9910928531665	aae-novel-fam8	aae-novel-fam8
aae-novel-8b	207.125103562552	35.4949774606893	111.852652772082	47.4023511566174	40.5959485243373	22.2148172831278	16.4883180266781	25.7473158423234	1.24732537801087	1.5541826941757	0.281009148814858	86.3359042247036	34.8582142136858	8.81772009029345	38.3928742825332	aae-novel-fam8	aae-novel-fam8
aae-novel-91a	517.812758906379	106.484932382068	316.915849520898	126.40626975098	40.5959485243373	22.2148172831278	16.4883180266781	25.7473158423234	0.712757358863352	7.7709134708785	1.40504574407429	86.3359042247036	17.4291071068429	8.81772009029345	67.187529994433	aae-novel-fam91	aae-novel-fam91
aae-novel-91b	379.729356531345	70.9899549213786	260.989523134857	15.8007837188725	40.5959485243373	22.2148172831278	16.4883180266781	12.8736579211617	0.356378679431676	7.7709134708785	0.281009148814858	86.3359042247036	17.4291071068429	8.81772009029345	38.3928742825332	aae-novel-fam91	aae-novel-fam91
aae-novel-92a	3314.00165700083	745.394526674476	764.326460609224	173.808620907597	40.5959485243373	22.2148172831278	1385.01871424096	64.3682896058086	0.178189339715838	20.2043750242841	0.281009148814858	1539.65695867388	107.064515084892	17.6354401805869	508.705584243564	aae-novel-fam92	aae-novel-fam92
aae-novel-93a	310.687655343828	212.969864764136	93.2105439767347	31.6015674377449	40.5959485243373	22.2148172831278	16.4883180266781	25.7473158423234	0.178189339715838	4.6625480825271	0.281009148814858	43.1679521123518	12.4493622191735	70.5417607223476	38.3928742825332	aae-novel-fam93	aae-novel-fam93
aae-novel-94a	1311.79232256283	177.474887303447	149.136870362775	31.6015674377449	202.979742621686	22.2148172831278	873.880855413939	38.6209737634852	1.06913603829503	38.8545673543925	0.843027446444574	1395.76378496604	32.3683417698511	79.3594808126411	297.544775689632	aae-novel-fam94	aae-novel-fam94
aae-novel-95a	172.604252968793	106.484932382068	18.6421087953469	15.8007837188725	40.5959485243373	22.2148172831278	16.4883180266781	12.8736579211617	0.178189339715838	1.5541826941757	0.281009148814858	14.3893173707839	2.4898724438347	8.81772009029345	38.3928742825332	aae-novel-fam95	aae-novel-fam95
aae-novel-96a	34.5208505937586	35.4949774606893	18.6421087953469	15.8007837188725	40.5959485243373	22.2148172831278	16.4883180266781	12.8736579211617	1.24732537801087	1.5541826941757	0.843027446444574	14.3893173707839	2.4898724438347	8.81772009029345	9.59821857063329	aae-novel-fam96	aae-novel-fam96
aae-novel-97a	34.5208505937586	35.4949774606893	242.34741433951	79.0039185943623	40.5959485243373	22.2148172831278	16.4883180266781	321.841448029043	6.41481622977016	6.2167307767028	0.562018297629716	14.3893173707839	2.4898724438347	44.0886004514673	518.303802814198	aae-novel-fam97	aae-novel-fam97
aae-novel-98a	863.021264843966	390.444752067582	857.537004585959	94.8047023132347	6170.58417569926	22.2148172831278	5836.86458144405	630.809238136924	15.5024725552779	69.9382212379065	96.948156341126	2230.34419247151	385.930228794379	282.16704288939	2063.61699268616	aae-novel-fam98	aae-novel-fam98
aae-novel-99a	2209.33443800055	1242.32421112413	801.610678199918	537.226646441663	40.5959485243373	22.2148172831278	956.32244554733	244.599500502073	0.712757358863352	29.5294711893383	1.68605489288915	748.244503280764	124.493622191735	238.078442437923	259.151901407099	aae-novel-fam99	aae-novel-fam99
aae-novel-9a	1760.56338028169	1668.2639406524	391.484284702285	458.222727847301	40.5959485243373	22.2148172831278	164.883180266781	347.588763871366	4.63292283261179	15.541826941757	15.1744940360023	460.458155865086	97.1050253095534	211.625282167043	316.741212830899	aae-novel-fam9	aae-novel-fam9
Aag2-AGO1-novel-1/common-AGO2-novel-5a	18019.884009942	6531.07585276683	7717.83304127363	1611.67993932499	2922.90829375228	2177.05209374653	3528.50005770911	2420.2476891784	3.56378679431676	198.93538485449	14.0504574407429	9065.26994359388	938.681911325683	943.4960496614	6142.85988520531	Aag2-AGO1-novel-fam1/common-AGO2-novel-fam5	common-AGO2-novel-fam5
Aag2-AGO1-novel-2/common-AGO2-novel-4a	1242.75062137531	4046.42743051858	1603.22135639984	4045.00063203135	649.535176389396	4865.044985005	1648.83180266781	8445.11959628209	23.8773715219223	259.548509927342	54.5157748700824	863.359042247036	214.129030169784	7653.78103837472	537.500239955464	Aag2-AGO1-novel-fam2/common-AGO2-novel-fam4	common-AGO2-novel-fam4
Aag2-AGO1-novel-2/common-AGO2-novel-4b	34.5208505937586	35.4949774606893	37.2842175906939	94.8047023132347	40.5959485243373	22.2148172831278	16.4883180266781	12.8736579211617	0.356378679431676	1.5541826941757	0.281009148814858	100.725221595488	9.95948977533881	44.0886004514673	9.59821857063329	Aag2-AGO1-novel-fam2/common-AGO2-novel-fam4	common-AGO2-novel-fam4
Aag2-AGO1-novel-2/common-AGO2-novel-4c	690.417011875173	780.889504135165	894.821222176653	1011.25015800784	40.5959485243373	88.8592691325114	1038.76403568072	476.325343082984	2.85102943545341	90.1425962621906	8.99229276207545	359.732934269598	14.9392346630082	617.240406320542	307.142994260265	Aag2-AGO1-novel-fam2/common-AGO2-novel-fam4	common-AGO2-novel-fam4
Aag2-AGO1-novel-3/common-AGO2-novel-2a	621.375310687655	425.939729528272	820.252786995265	647.832132473771	40.5959485243373	22.2148172831278	461.672904746987	540.693632688792	4.45473349289595	125.888798228232	14.0504574407429	777.023138022332	151.882219073917	511.42776523702	249.553682836466	Aag2-AGO1-novel-fam3/common-AGO2-novel-fam2	common-AGO2-novel-fam2
Aag2-AGO1-novel-3/common-AGO2-novel-2b	621.375310687655	248.464842224825	689.758025427836	347.617241815194	40.5959485243373	22.2148172831278	445.184586720309	283.220474265558	3.20740811488508	108.792788592299	8.14926531563088	719.465868539196	104.574642641057	335.073363431151	230.357245695199	Aag2-AGO1-novel-fam3/common-AGO2-novel-fam2	common-AGO2-novel-fam2
Aag2-AGO1-novel-3/common-AGO2-novel-2c	345.208505937586	70.9899549213786	466.052719883673	126.40626975098	40.5959485243373	22.2148172831278	296.789724480206	102.989263369294	1.96008273687422	62.167307767028	5.3391738274823	316.564982157246	14.9392346630082	61.7240406320542	163.169715700766	Aag2-AGO1-novel-fam3/common-AGO2-novel-fam2	common-AGO2-novel-fam2
Aag2-AGO1-novel-3/common-AGO2-novel-2d	207.125103562552	177.474887303447	167.778979158122	110.605486032107	40.5959485243373	22.2148172831278	247.324770400172	77.2419475269703	2.13827207659005	63.7214904612037	4.21513723222287	230.229077932543	12.4493622191735	96.994920993228	38.3928742825332	Aag2-AGO1-novel-fam3/common-AGO2-novel-fam2	common-AGO2-novel-fam2
Aag2-AGO1-novel-4/common-AGO2-novel-3a	966.583816625242	1455.29407588826	1304.94761567429	2970.54733914802	16766.1267405513	39298.0117738532	1632.34348464113	3360.02471742321	7.66214160778103	230.019038738004	41.0273357269693	1237.48129388742	124.493622191735	2248.51862302483	479.910928531665	Aag2-AGO1-novel-fam4/common-AGO2-novel-fam3	common-AGO2-novel-fam3
Aag2-AGO1-novel-4/common-AGO2-novel-3b	448.771057718862	922.869413977922	913.463330972	2164.70736948553	16075.9956156376	38431.6338998112	1352.0420781876	2793.58376889209	6.41481622977016	186.501923301084	37.655225941191	920.916311730172	87.1455355342146	1939.89841986456	393.526961395965	Aag2-AGO1-novel-fam4/common-AGO2-novel-fam3	common-AGO2-novel-fam3
Aag2-AGO1-novel-5/common-AGO2-novel-6a	546119.856393262	229191.069463671	17896.4244435331	31127.5439261787	43843.6244062843	91125.1804953904	30223.086942901	160186.925513015	4389.33800522024	6737.38197925166	13234.9688908822	478473.581213307	42228.2366474365	214341.139954853	16537.7305972012	Aag2-AGO1-novel-fam5/common-AGO2-novel-fam6	common-AGO2-novel-fam6
Aag2-AGO1-novel-6a	172.604252968793	106.484932382068	130.494761567429	15.8007837188725	40.5959485243373	22.2148172831278	181.371498293459	12.8736579211617	0.712757358863352	4.6625480825271	1.40504574407429	273.397030044895	19.9189795506776	44.0886004514673	9.59821857063329	Aag2-AGO1-novel-fam6	NA
Aag2-AGO1-novel-6b	103.562551781276	35.4949774606893	37.2842175906939	15.8007837188725	40.5959485243373	22.2148172831278	16.4883180266781	12.8736579211617	0.534568019147514	1.5541826941757	0.562018297629716	14.3893173707839	2.4898724438347	8.81772009029345	9.59821857063329	Aag2-AGO1-novel-fam6	NA
Aag2-AGO1-novel-6c	172.604252968793	106.484932382068	74.5684351813877	15.8007837188725	40.5959485243373	22.2148172831278	181.371498293459	12.8736579211617	0.178189339715838	3.1083653883514	0.562018297629716	273.397030044895	7.46961733150411	8.81772009029345	9.59821857063329	Aag2-AGO1-novel-fam6	NA
Aag2-AGO1-novel-7a	34.5208505937586	35.4949774606893	37.2842175906939	31.6015674377449	40.5959485243373	22.2148172831278	16.4883180266781	25.7473158423234	0.178189339715838	1.5541826941757	0.281009148814858	14.3893173707839	2.4898724438347	8.81772009029345	9.59821857063329	Aag2-AGO1-novel-fam7	NA
Aag2-AGO1-novel-7b	34.5208505937586	35.4949774606893	37.2842175906939	15.8007837188725	40.5959485243373	22.2148172831278	16.4883180266781	12.8736579211617	0.178189339715838	1.5541826941757	0.281009148814858	14.3893173707839	2.4898724438347	8.81772009029345	9.59821857063329	Aag2-AGO1-novel-fam7	NA
Aag2-AGO1-novel-8/common-AGO2-novel-8a	2140.29273681303	6424.59092038477	559.263263860408	316.015674377449	811.918970486745	17060.9796734422	2440.27106794836	3630.3715337676	260.156435985123	3810.85596611882	475.46747979474	1136.75607229193	281.355586153321	4267.77652370203	719.866392797497	Aag2-AGO1-novel-fam8/common-AGO2-novel-fam8	common-AGO2-novel-fam8
Aag2-AGO1-novel-9/aegypti-AGO2-novel-5a	5212.64843965755	958.364391438611	167.778979158122	31.6015674377449	40.5959485243373	22.2148172831278	16.4883180266781	25.7473158423234	28.1539156751024	69.9382212379065	15.4555031848172	949.694946471739	39.8379591013552	8.81772009029345	47.9910928531665	Aag2-AGO1-novel-fam9/aegypti-AGO2-novel-fam5	aegypti-AGO2-novel-fam5
Aag2-AGO2-novel-1a	345.208505937586	248.464842224825	652.473807837143	726.836051068133	40.5959485243373	22.2148172831278	362.742996586918	167.357552975102	2.67284009573757	65.2756731553794	10.6783476549646	604.351329572925	107.064515084892	670.146726862302	220.759027124566	Aag2-AGO2-novel-fam1	Aag2-AGO2-novel-fam1
Aag2-AGO2-novel-1b	172.604252968793	35.4949774606893	354.200067111592	47.4023511566174	40.5959485243373	22.2148172831278	247.324770400172	12.8736579211617	1.78189339715838	35.7462019660411	3.09110063696344	201.450443190975	2.4898724438347	8.81772009029345	124.776841418233	Aag2-AGO2-novel-fam1	Aag2-AGO2-novel-fam1
Aag2-AGO2-novel-2a	586.854460093897	354.949774606893	913.463330972	837.44153710024	81.1918970486745	22.2148172831278	214.348134346815	308.967790107881	3.38559745460092	55.9505769903252	7.30623786918631	676.297916426845	79.6759182027105	590.787246049661	239.955464265832	Aag2-AGO2-novel-fam2	Aag2-AGO2-novel-fam2
Aag2-AGO2-novel-4a	414.250207125104	141.979909842757	671.115916632489	110.605486032107	40.5959485243373	22.2148172831278	395.719632640274	51.4946316846469	3.38559745460092	77.709134708785	7.58724701800116	604.351329572925	2.4898724438347	105.812641083521	211.160808553932	Aag2-AGO2-novel-fam4	Aag2-AGO2-novel-fam4
Aag2-AGO2-novel-5a	34.5208505937586	1171.33425620275	55.9263263860408	1106.05486032107	40.5959485243373	22.2148172831278	131.906544213425	1132.88189706223	35.2814892637359	57.5047596845009	12.6454116966686	14.3893173707839	331.153035030015	537.880925507901	28.7946557118999	Aag2-AGO2-novel-fam5	Aag2-AGO2-novel-fam5
Aag2-AGO2-novel-5b	34.5208505937586	177.474887303447	18.6421087953469	110.605486032107	40.5959485243373	22.2148172831278	16.4883180266781	257.473158423234	4.63292283261179	17.0960096359327	2.52908233933372	14.3893173707839	181.760688399933	17.6354401805869	19.1964371412666	Aag2-AGO2-novel-fam5	Aag2-AGO2-novel-fam5
Aag2-AGO2-novel-5c	34.5208505937586	780.889504135165	37.2842175906939	474.023511566174	40.5959485243373	22.2148172831278	65.9532721067124	1004.14531785061	26.1938329382282	37.3003846602168	8.43027446444574	14.3893173707839	328.663162586181	511.42776523702	19.1964371412666	Aag2-AGO2-novel-fam5	Aag2-AGO2-novel-fam5
Aag2-AGO2-novel-5d	34.5208505937586	177.474887303447	18.6421087953469	142.207053469852	40.5959485243373	22.2148172831278	16.4883180266781	321.841448029043	7.66214160778103	24.8669231068112	3.09110063696344	14.3893173707839	184.250560843768	17.6354401805869	19.1964371412666	Aag2-AGO2-novel-fam5	Aag2-AGO2-novel-fam5
Aag2-AGO2-novel-5e	34.5208505937586	177.474887303447	18.6421087953469	110.605486032107	40.5959485243373	22.2148172831278	16.4883180266781	257.473158423234	4.27654415318011	17.0960096359327	2.52908233933372	14.3893173707839	181.760688399933	17.6354401805869	19.1964371412666	Aag2-AGO2-novel-fam5	Aag2-AGO2-novel-fam5
Aag2-AGO2-novel-6a	483.291908312621	461.434706988961	93.2105439767347	31.6015674377449	40.5959485243373	22.2148172831278	560.602812907055	128.736579211617	1.06913603829503	69.9382212379065	2.24807319051886	791.412455393116	122.0037497479	158.718961625282	57.5893114237997	Aag2-AGO2-novel-fam6	Aag2-AGO2-novel-fam6
Aag2-AGO2-novel-6b	34.5208505937586	35.4949774606893	111.852652772082	15.8007837188725	40.5959485243373	22.2148172831278	115.418226186747	12.8736579211617	0.178189339715838	1.5541826941757	0.281009148814858	158.282491078623	2.4898724438347	8.81772009029345	9.59821857063329	Aag2-AGO2-novel-fam6	Aag2-AGO2-novel-fam6
Aag2-AGO2-novel-6c	138.083402375035	70.9899549213786	74.5684351813877	15.8007837188725	40.5959485243373	22.2148172831278	527.626176853699	51.4946316846469	0.356378679431676	54.3963942961495	1.12403659525943	158.282491078623	2.4898724438347	17.6354401805869	28.7946557118999	Aag2-AGO2-novel-fam6	Aag2-AGO2-novel-fam6
aegypti-AGO1-novel-1a	34.5208505937586	70.9899549213786	37.2842175906939	63.2031348754898	40.5959485243373	22.2148172831278	16.4883180266781	12.8736579211617	376.157696140134	68.3840385437308	1389.59024088947	14.3893173707839	2.4898724438347	8.81772009029345	9.59821857063329	aegypti-AGO1-novel-fam1	NA
aegypti-AGO1-novel-1b	34.5208505937586	70.9899549213786	37.2842175906939	31.6015674377449	40.5959485243373	22.2148172831278	16.4883180266781	12.8736579211617	336.243284043786	51.2880289077981	1100.99384505661	14.3893173707839	2.4898724438347	8.81772009029345	9.59821857063329	aegypti-AGO1-novel-fam1	NA
aegypti-AGO1-novel-2/aegypti-AGO2-novel-1a	103.562551781276	1064.84932382068	428.768502292979	5783.08684110732	40.5959485243373	22.2148172831278	280.301406453528	4789.00074667216	528.509581597175	317.053269611843	31.4730246672641	14.3893173707839	2.4898724438347	2645.31602708804	767.857485650663	aegypti-AGO1-novel-fam2/aegypti-AGO2-novel-fam1	aegypti-AGO2-novel-fam1
aegypti-AGO1-novel-3a	34.5208505937586	283.959819685514	18.6421087953469	15.8007837188725	40.5959485243373	22.2148172831278	16.4883180266781	25.7473158423234	9256.93619823778	920.076154952015	92.1710008112734	71.9465868539196	410.828953232726	8.81772009029345	9.59821857063329	aegypti-AGO1-novel-fam3	NA
aegypti-AGO1-novel-3b	34.5208505937586	319.454797146204	18.6421087953469	15.8007837188725	40.5959485243373	22.2148172831278	16.4883180266781	51.4946316846469	8429.42490459743	829.933558689824	81.211644007494	71.9465868539196	326.173290142346	17.6354401805869	9.59821857063329	aegypti-AGO1-novel-fam3	NA
aegypti-AGO1-novel-4a	34.5208505937586	70.9899549213786	37.2842175906939	31.6015674377449	40.5959485243373	22.2148172831278	16.4883180266781	12.8736579211617	341.23258555583	52.8422116019738	1101.83687250306	14.3893173707839	2.4898724438347	8.81772009029345	9.59821857063329	aegypti-AGO1-novel-fam4	NA
aegypti-AGO1-novel-5a	27823.8055785695	18350.9033471764	932.105439767347	1137.65642775882	1420.8581983518	44.4296345662557	560.602812907055	682.303869821571	763.006752663218	1624.12091541361	750.575436484486	9727.17854264994	1416.73742054195	220.443002257336	1247.76841418233	aegypti-AGO1-novel-fam5	NA
aegypti-AGO1-novel-6a	34.5208505937586	35.4949774606893	18.6421087953469	15.8007837188725	40.5959485243373	22.2148172831278	16.4883180266781	12.8736579211617	1.60370405744254	1768.65990597195	0.562018297629716	14.3893173707839	2.4898724438347	8.81772009029345	9.59821857063329	aegypti-AGO1-novel-fam6	NA
aegypti-AGO1-novel-6b	34.5208505937586	35.4949774606893	18.6421087953469	15.8007837188725	40.5959485243373	22.2148172831278	16.4883180266781	12.8736579211617	0.356378679431676	567.276683374131	0.281009148814858	14.3893173707839	2.4898724438347	8.81772009029345	9.59821857063329	aegypti-AGO1-novel-fam6	NA
aegypti-AGO1-novel-6c	34.5208505937586	35.4949774606893	18.6421087953469	15.8007837188725	40.5959485243373	22.2148172831278	16.4883180266781	12.8736579211617	0.178189339715838	194.272836771963	0.281009148814858	14.3893173707839	2.4898724438347	8.81772009029345	9.59821857063329	aegypti-AGO1-novel-fam6	NA
aegypti-AGO1-novel-7a	5764.98204915769	887.374436517233	242.34741433951	110.605486032107	1420.8581983518	22.2148172831278	247.324770400172	51.4946316846469	221.311159927071	326.378365776897	12.6454116966686	2935.42074363992	69.7164284273717	8.81772009029345	393.526961395965	aegypti-AGO1-novel-fam7	NA
aegypti-AGO2-novel-3a	93171.7757525545	21758.4211834026	181965.623951381	68859.8154468462	96374.7817967767	194157.503054537	32580.9164207159	40963.9795051366	1147.53934777	4051.75428371605	285.505295195896	37153.2174513641	4190.4553229738	45543.5242663657	255475.783694546	aegypti-AGO2-novel-fam3	aegypti-AGO2-novel-fam3
aegypti-AGO2-novel-3b	19918.5307925987	7879.88499627303	166175.757801723	64641.0061939072	86712.9460479844	155592.580251027	25243.6148988442	32518.8599088545	1070.56155301275	3217.1581769437	53.6727474236379	10619.3162196385	1272.32481879953	20130.85496614	246655.020828134	aegypti-AGO2-novel-fam3	aegypti-AGO2-novel-fam3
aegypti-AGO2-novel-4a	69.0417011875173	70.9899549213786	18.6421087953469	31.6015674377449	40.5959485243373	22.2148172831278	16.4883180266781	25.7473158423234	18.1753126510155	45.0712981310953	11.802384250224	71.9465868539196	17.4291071068429	8.81772009029345	9.59821857063329	aegypti-AGO2-novel-fam4	aegypti-AGO2-novel-fam4
aegypti-AGO2-novel-6a	53818.0060756697	41067.6889220175	559.263263860408	600.429781317153	2638.73665408192	22.2148172831278	1253.11217002754	1300.23945003733	40.9835481346427	570.385048762482	132.074299942983	12115.8052262001	2718.9407086675	387.979683972912	335.937649972165	aegypti-AGO2-novel-fam6	aegypti-AGO2-novel-fam6
aegypti-AGO2-novel-7a	138.083402375035	248.464842224825	18.6421087953469	31.6015674377449	40.5959485243373	22.2148172831278	16.4883180266781	12.8736579211617	119.208668269896	421.183510121615	415.89354024599	215.839760561759	946.151528657187	79.3594808126411	9.59821857063329	aegypti-AGO2-novel-fam7	aegypti-AGO2-novel-fam7
common-AGO1-novel-1/common-AGO2-novel-1a	8181.44159072079	5004.79182195719	372.842175906939	300.214890658577	40.5959485243373	22.2148172831278	412.207950666953	154.483895053941	46.3292283261179	1193.61230912694	12.3644025478538	1208.70265914585	52.2873213205287	8.81772009029345	239.955464265832	common-AGO1-novel-fam1/common-AGO2-novel-fam1	common-AGO2-novel-fam1
common-AGO1-novel-2/common-AGO2-novel-7a	36039.768019884	82987.2573030916	525782.036463965	44005.1826570598	99703.6495757723	235299.34466289	761265.643291728	12332.9642884729	1143.97556097568	7029.56832575669	2778.89947263013	22360.9991941982	4703.36904640375	8368.01636568849	401128.750503906	common-AGO1-novel-fam2/common-AGO2-novel-fam7	common-AGO2-novel-fam7
common-AGO1-novel-3/aegypti-AGO2-novel-2a	7283.89947528307	958.364391438611	260.989523134857	31.6015674377449	40.5959485243373	199.933355548151	3924.21969034939	244.599500502073	24.0555608616381	31.083653883514	11.5213751014092	2690.80234833659	19.9189795506776	149.901241534989	863.839671356996	common-AGO1-novel-fam3/aegypti-AGO2-novel-fam2	aegypti-AGO2-novel-fam2
common-AGO1-novel-3/aegypti-AGO2-novel-2b	34.5208505937586	35.4949774606893	18.6421087953469	15.8007837188725	40.5959485243373	22.2148172831278	16.4883180266781	12.8736579211617	0.356378679431676	3.1083653883514	0.281009148814858	14.3893173707839	2.4898724438347	8.81772009029345	9.59821857063329	common-AGO1-novel-fam3/aegypti-AGO2-novel-fam2	aegypti-AGO2-novel-fam2
common-AGO1-novel-4/Aag2-AGO2-novel-3a	6455.39906103286	8128.34983849785	3448.79012713918	3017.94969030464	20866.3175415094	44.4296345662557	115.418226186747	321.841448029043	170.527198108057	307.728173446789	89.9229276207545	3237.59640842638	246.497371939636	132.265801354402	3177.01034687962	common-AGO1-novel-fam4/Aag2-AGO2-novel-fam3	Aag2-AGO2-novel-fam3
common-AGO1-novel-4/Aag2-AGO2-novel-3b	4763.87738193869	3123.55801654066	3150.51638641363	790.039185943623	8525.14919011083	44.4296345662557	115.418226186747	154.483895053941	97.2913794848475	219.139759878774	15.736512333632	2676.41303096581	114.534132416396	70.5417607223476	3157.81390973835	common-AGO1-novel-fam4/Aag2-AGO2-novel-fam3	Aag2-AGO2-novel-fam3
common-AGO1-novel-5a	2036.73018503176	35.4949774606893	111.852652772082	15.8007837188725	81.1918970486745	66.6444518493835	148.394862240103	25.7473158423234	1287.77435812636	1187.39557835024	264.991627332411	22907.793254288	425.768187895734	8.81772009029345	691.071737085597	common-AGO1-novel-fam5	NA
common-AGO1-novel-6a	276.166804750069	283.959819685514	167.778979158122	173.808620907597	40.5959485243373	22.2148172831278	16.4883180266781	115.862921290455	6.05843755033849	21.7585577184598	4.49614638103773	1424.54241970761	9.95948977533881	35.2708803611738	105.580404276966	common-AGO1-novel-fam6	NA
common-AGO2-novel-9a	69.0417011875173	106.484932382068	55.9263263860408	63.2031348754898	40.5959485243373	22.2148172831278	32.9766360533562	102.989263369294	0.356378679431676	13.9876442475813	0.281009148814858	244.618395303327	2.4898724438347	70.5417607223476	19.1964371412666	common-AGO2-novel-fam9	common-AGO2-novel-fam9
common-AGO2-novel-9b	586.854460093897	248.464842224825	633.831699041796	395.019592971811	40.5959485243373	88.8592691325114	544.114494880377	141.610237132779	2.85102943545341	80.8175000971364	6.46321042274173	230.229077932543	4.9797448876694	96.994920993228	153.571497130133	common-AGO2-novel-fam9	common-AGO2-novel-fam9
